TIME_INTERVAL,RESOURCE_NAME,AP_FLAG,SEC_FLAG,PSM_FLAG,DIPC_PRICE,RTD_PRICE,ADMIN_PRICE,SEC_PRICE,PSM_PRICE,
7/10/2024 6:00:00 AM,01ACNPC_G01,N,N,N,3641.0712,3641.0712,3477.6491,3641.0712,3641.0712,
7/10/2024 6:00:00 AM,01AEC_L01,N,N,N,3630.9430,3630.9430,3305.8398,3630.9430,3630.9430,
7/10/2024 6:00:00 AM,01AMBUK_SS,N,N,N,3699.6698,3699.6698,3305.8398,3699.6698,3699.6698,
7/10/2024 6:00:00 AM,01AMBUK_T1L1,N,N,N,3699.6698,3699.6698,3305.8398,3699.6698,3699.6698,
7/10/2024 6:00:00 AM,01AMBUK_U01,N,N,N,3699.6698,3699.6698,3527.9058,3699.6698,3699.6698,
7/10/2024 6:00:00 AM,01AMBUK_U02,N,N,N,3699.6698,3699.6698,4161.5967,3699.6698,3699.6698,
7/10/2024 6:00:00 AM,01AMBUK_U03,N,N,N,3699.6698,3699.6698,3554.7951,3699.6698,3699.6698,
7/10/2024 6:00:00 AM,01AMPHAW_G01,N,N,N,3692.0737,3692.0737,3573.8245,3692.0737,3692.0737,
7/10/2024 6:00:00 AM,01ANDA_G01,N,N,N,3630.9430,3630.9430,3516.4852,3630.9430,3630.9430,
7/10/2024 6:00:00 AM,01ANGAT_A,N,N,N,3607.7930,3607.7930,3426.3014,3607.7930,3607.7930,
7/10/2024 6:00:00 AM,01ANGAT_M,N,N,N,3611.7719,3611.7719,3437.5562,3611.7719,3611.7719,
7/10/2024 6:00:00 AM,01ANGAT_SS,N,N,N,3609.9633,3609.9633,3305.8398,3609.9633,3609.9633,
7/10/2024 6:00:00 AM,01ANGAT_T5L1,N,N,N,3617.1977,3617.1977,3305.8398,3617.1977,3617.1977,
7/10/2024 6:00:00 AM,01APEC_G01,N,N,N,3630.9430,3630.9430,3918.4858,3630.9430,3630.9430,
7/10/2024 6:00:00 AM,01ARAYSOL_G01,N,N,N,3630.9430,3630.9430,3539.5090,3630.9430,3630.9430,
7/10/2024 6:00:00 AM,01ARAYSOL_G02,N,N,N,3630.9430,3630.9430,3547.7234,3630.9430,3630.9430,
7/10/2024 6:00:00 AM,01ARMSOL_G01,N,N,N,3641.0712,3641.0712,3508.4735,3641.0712,3641.0712,
7/10/2024 6:00:00 AM,01BAKSIP_G01,N,N,N,3692.0737,3692.0737,3528.7048,3692.0737,3692.0737,
7/10/2024 6:00:00 AM,01BAKUN_G01,N,N,N,3678.69,3678.69,3523.5971,3678.69,3678.69,
7/10/2024 6:00:00 AM,01BAKUN_SS,N,N,N,3678.69,3678.69,3305.8398,3678.69,3678.69,
7/10/2024 6:00:00 AM,01BALNEO_L01,N,N,N,3624.4321,3624.4321,3305.8398,3624.4321,3624.4321,
7/10/2024 6:00:00 AM,01BALNEO_L02,N,N,N,3624.4321,3624.4321,3305.8398,3624.4321,3624.4321,
7/10/2024 6:00:00 AM,01BALNEO_SS,N,N,N,3617.9211,3617.9211,3305.8398,3617.9211,3617.9211,
7/10/2024 6:00:00 AM,01BALSIK_SS,N,N,N,3511.2138,3511.2138,3305.8398,3511.2138,3511.2138,
7/10/2024 6:00:00 AM,01BALWIND_G01,N,N,N,3704.3721,3704.3721,2976.9398,3704.3721,3704.3721,
7/10/2024 6:00:00 AM,01BANTAY_SS,N,N,N,3736.5652,3736.5652,3305.8398,3736.5652,3736.5652,
7/10/2024 6:00:00 AM,01BATAAN_SS,N,N,N,3411.7409,3411.7409,3305.8398,3411.7409,3411.7409,
7/10/2024 6:00:00 AM,01BAUANG_GS1,N,N,N,3672.1791,3672.1791,3505.0460,3672.1791,3672.1791,
7/10/2024 6:00:00 AM,01BAUANG_GS2,N,N,N,3672.5408,3672.5408,3505.2468,3672.5408,3672.5408,
7/10/2024 6:00:00 AM,01BAUANG_GS3,N,N,N,3672.5408,3672.5408,3505.2468,3672.5408,3672.5408,
7/10/2024 6:00:00 AM,01BAUANG_SS,N,N,N,3680.1369,3680.1369,3305.8398,3680.1369,3680.1369,
7/10/2024 6:00:00 AM,01BAUAN_T1L1,N,N,N,3680.8604,3680.8604,3305.8398,3680.8604,3680.8604,
7/10/2024 6:00:00 AM,01BAUAN_T1L2,N,N,N,3680.8604,3680.8604,3305.8398,3680.8604,3680.8604,
7/10/2024 6:00:00 AM,01BAUAN_T1L3,N,N,N,3680.8604,3680.8604,3305.8398,3680.8604,3680.8604,
7/10/2024 6:00:00 AM,01BAUAN_T2L1,N,N,N,3680.8604,3680.8604,3305.8398,3680.8604,3680.8604,
7/10/2024 6:00:00 AM,01BAUAN_T2L2,N,N,N,3680.4986,3680.4986,3305.8398,3680.4986,3680.4986,
7/10/2024 6:00:00 AM,01BCNOT_SS,N,N,N,3692.7971,3692.7971,3305.8398,3692.7971,3692.7971,
7/10/2024 6:00:00 AM,01BCNOT_T1L1,N,N,N,3692.7971,3692.7971,3305.8398,3692.7971,3692.7971,
7/10/2024 6:00:00 AM,01BCNOT_T1L2,N,N,N,3692.7971,3692.7971,3305.8398,3692.7971,3692.7971,
7/10/2024 6:00:00 AM,01BINENG_G01,N,N,N,3692.0737,3692.0737,3469.1072,3692.0737,3692.0737,
7/10/2024 6:00:00 AM,01BINGA_SS,N,N,N,3684.8393,3684.8393,3305.8398,3684.8393,3684.8393,
7/10/2024 6:00:00 AM,01BINGA_T1L1,N,N,N,3685.2010,3685.2010,3305.8398,3685.2010,3685.2010,
7/10/2024 6:00:00 AM,01BINGA_U01,N,N,N,3684.8393,3684.8393,4102.4365,3684.8393,3684.8393,
7/10/2024 6:00:00 AM,01BINGA_U02,N,N,N,3684.8393,3684.8393,2932.4779,3684.8393,3684.8393,
7/10/2024 6:00:00 AM,01BINGA_U03,N,N,N,3684.8393,3684.8393,4101.8395,3684.8393,3684.8393,
7/10/2024 6:00:00 AM,01BINGA_U04,N,N,N,3684.8393,3684.8393,4096.5075,3684.8393,3684.8393,
7/10/2024 6:00:00 AM,01BNTAY_T1L1,N,N,N,3617.1977,3617.1977,3305.8398,3617.1977,3617.1977,
7/10/2024 6:00:00 AM,01BNTAY_T1L2,N,N,N,3736.2035,3736.2035,3305.8398,3736.2035,3736.2035,
7/10/2024 6:00:00 AM,01BNTAY_T1L3,N,N,N,3736.2035,3736.2035,3305.8398,3736.2035,3736.2035,
7/10/2024 6:00:00 AM,01BOSUNG_G01,N,N,N,3729.3308,3729.3308,3592.1887,3729.3308,3729.3308,
7/10/2024 6:00:00 AM,01BOTOLAN_SS,N,N,N,3561.1311,3561.1311,3305.8398,3561.1311,3561.1311,
7/10/2024 6:00:00 AM,01BOTOL_T1L1,N,N,N,3566.1952,3566.1952,3305.8398,3566.1952,3566.1952,
7/10/2024 6:00:00 AM,01BOTOL_T1L2,N,N,N,3566.1952,3566.1952,3305.8398,3566.1952,3566.1952,
7/10/2024 6:00:00 AM,01BPC_T1L1,N,N,N,3412.1026,3412.1026,3305.8398,3412.1026,3412.1026,
7/10/2024 6:00:00 AM,01BPC_T2L2,N,N,N,3412.1026,3412.1026,3305.8398,3412.1026,3412.1026,
7/10/2024 6:00:00 AM,01BPPC_SS,N,N,N,3672.5408,3672.5408,3305.8398,3672.5408,3672.5408,
7/10/2024 6:00:00 AM,01BT2020_G01,N,N,N,3502.8942,3502.8942,3143.3490,3502.8942,3502.8942,
7/10/2024 6:00:00 AM,01BT2020_G02,N,N,N,3502.8942,3502.8942,3400.8201,3502.8942,3502.8942,
7/10/2024 6:00:00 AM,01BTNSOL_G01,N,N,N,3413.9112,3413.9112,3315.4719,3413.9112,3413.9112,
7/10/2024 6:00:00 AM,01BTPP_T3L1,N,N,N,3413.9112,3413.9112,3305.8398,3413.9112,3413.9112,
7/10/2024 6:00:00 AM,01BTPP_T3L2,N,N,N,3413.9112,3413.9112,3305.8398,3413.9112,3413.9112,
7/10/2024 6:00:00 AM,01BTPP_T3L3,N,N,N,3413.9112,3413.9112,3305.8398,3413.9112,3413.9112,
7/10/2024 6:00:00 AM,01BTPP_T3L4,N,N,N,3413.9112,3413.9112,3305.8398,3413.9112,3413.9112,
7/10/2024 6:00:00 AM,01BTPP_T3L5,N,N,N,3413.9112,3413.9112,3305.8398,3413.9112,3413.9112,
7/10/2024 6:00:00 AM,01BTPP_T4L1,N,N,N,3617.1977,3617.1977,3305.8398,3617.1977,3617.1977,
7/10/2024 6:00:00 AM,01BTSOLEN_BAT,N,N,N,3413.9112,3413.9112,3303.8947,3413.9112,3413.9112,
7/10/2024 6:00:00 AM,01BTSOLEN_G01,N,N,N,3413.9112,3413.9112,3305.4979,3413.9112,3413.9112,
7/10/2024 6:00:00 AM,01BULSOL_G01,N,N,N,3650.4759,3650.4759,3476.5470,3650.4759,3650.4759,
7/10/2024 6:00:00 AM,01BURGOS_G01,N,N,N,3617.1977,3617.1977,3931.7766,3617.1977,3617.1977,
7/10/2024 6:00:00 AM,01BURGOS_G02,N,N,N,3729.3308,3729.3308,3339.2245,3729.3308,3729.3308,
7/10/2024 6:00:00 AM,01BURGOS_G03,N,N,N,3729.3308,3729.3308,3334.6229,3729.3308,3729.3308,
7/10/2024 6:00:00 AM,01BURGOS_SS,N,N,N,3617.1977,3617.1977,3305.8398,3617.1977,3617.1977,
7/10/2024 6:00:00 AM,01BUTAO_G01,N,N,N,3634.1985,3634.1985,3455.2134,3634.1985,3634.1985,
7/10/2024 6:00:00 AM,01BYOMB_DID,N,N,N,3779.2481,3779.2481,3305.8398,3779.2481,3779.2481,
7/10/2024 6:00:00 AM,01BYOMB_SS,N,N,N,3778.1630,3778.1630,3305.8398,3778.1630,3778.1630,
7/10/2024 6:00:00 AM,01BYOMB_T1L1,N,N,N,3780.6950,3780.6950,3305.8398,3780.6950,3780.6950,
7/10/2024 6:00:00 AM,01BYOMB_T1L2,N,N,N,3779.2481,3779.2481,3305.8398,3779.2481,3779.2481,
7/10/2024 6:00:00 AM,01BYOMB_T1L3,N,N,N,3780.6950,3780.6950,3305.8398,3780.6950,3780.6950,
7/10/2024 6:00:00 AM,01CABSOL_G01,N,N,N,3682.3072,3682.3072,2905.4022,3682.3072,3682.3072,
7/10/2024 6:00:00 AM,01CAGBIO_G01,N,N,N,3860.9968,3860.9968,3774.9106,3860.9968,3860.9968,
7/10/2024 6:00:00 AM,01CAGYSOL_G01,N,N,N,4010.3871,4010.3871,3832.5542,4010.3871,4010.3871,
7/10/2024 6:00:00 AM,01CALIBUNK_G01,N,N,N,3630.9430,3630.9430,3459.9575,3630.9430,3630.9430,
7/10/2024 6:00:00 AM,01CAPRIS_G01,N,N,N,3725.3519,3725.3519,3014.1914,3725.3519,3725.3519,
7/10/2024 6:00:00 AM,01CAPRIS_G02,N,N,N,3725.3519,3725.3519,4135.2448,3725.3519,3725.3519,
7/10/2024 6:00:00 AM,01CASECN_G01,N,N,N,3617.1977,3617.1977,3978.4057,3617.1977,3617.1977,
7/10/2024 6:00:00 AM,01CASECN_SS,N,N,N,3617.1977,3617.1977,3305.8398,3617.1977,3617.1977,
7/10/2024 6:00:00 AM,01CAYBSOL_G01,N,N,N,3574.8765,3574.8765,3461.4015,3574.8765,3574.8765,
7/10/2024 6:00:00 AM,01CBNTU_SS,N,N,N,3682.6690,3682.6690,3305.8398,3682.6690,3682.6690,
7/10/2024 6:00:00 AM,01CBNTU_T1L1,N,N,N,3682.3072,3682.3072,3305.8398,3682.3072,3682.3072,
7/10/2024 6:00:00 AM,01CBNTU_T1L3,N,N,N,3682.3072,3682.3072,3305.8398,3682.3072,3682.3072,
7/10/2024 6:00:00 AM,01CBNTU_T2L1,N,N,N,3682.3072,3682.3072,3305.8398,3682.3072,3682.3072,
7/10/2024 6:00:00 AM,01CBNTU_T2L2,N,N,N,3682.3072,3682.3072,3305.8398,3682.3072,3682.3072,
7/10/2024 6:00:00 AM,01CBN_CELCOR,N,N,N,3682.3072,3682.3072,3305.8398,3682.3072,3682.3072,
7/10/2024 6:00:00 AM,01CIP2_G01,N,N,N,3692.7971,3692.7971,3530.7694,3692.7971,3692.7971,
7/10/2024 6:00:00 AM,01CLARK_L01,N,N,N,3617.1977,3617.1977,3305.8398,3617.1977,3617.1977,
7/10/2024 6:00:00 AM,01CLARK_L02,N,N,N,3641.4329,3641.4329,3305.8398,3641.4329,3641.4329,
7/10/2024 6:00:00 AM,01CLARK_L03,N,N,N,3641.4329,3641.4329,3305.8398,3641.4329,3641.4329,
7/10/2024 6:00:00 AM,01CLARK_L04,N,N,N,3642.1563,3642.1563,3305.8398,3642.1563,3642.1563,
7/10/2024 6:00:00 AM,01CLARK_SS,N,N,N,3641.4329,3641.4329,3305.8398,3641.4329,3641.4329,
7/10/2024 6:00:00 AM,01CLARK_T1L1,N,N,N,3641.4329,3641.4329,3305.8398,3641.4329,3641.4329,
7/10/2024 6:00:00 AM,01CLARK_T1L2,N,N,N,3641.4329,3641.4329,3305.8398,3641.4329,3641.4329,
7/10/2024 6:00:00 AM,01CLARK_T2L1,N,N,N,3617.1977,3617.1977,3305.8398,3617.1977,3617.1977,
7/10/2024 6:00:00 AM,01CLASOL_G01,N,N,N,3641.4329,3641.4329,3470.0118,3641.4329,3641.4329,
7/10/2024 6:00:00 AM,01CLEANG_G01,N,N,N,3502.8942,3502.8942,3349.1915,3502.8942,3502.8942,
7/10/2024 6:00:00 AM,01CNCEP_BAT,N,N,N,3640.7095,3640.7095,3467.4594,3640.7095,3640.7095,
7/10/2024 6:00:00 AM,01CNCEP_CAT,N,N,N,3640.7095,3640.7095,3305.8398,3640.7095,3640.7095,
7/10/2024 6:00:00 AM,01CNCEP_DAP2,N,N,N,3640.7095,3640.7095,3305.8398,3640.7095,3640.7095,
7/10/2024 6:00:00 AM,01CNCEP_SS,N,N,N,3637.8157,3637.8157,3305.8398,3637.8157,3637.8157,
7/10/2024 6:00:00 AM,01CNCEP_T1L3,N,N,N,3637.8157,3637.8157,3305.8398,3637.8157,3637.8157,
7/10/2024 6:00:00 AM,01CNCEP_TEI,N,N,N,3641.0712,3641.0712,3305.8398,3641.0712,3641.0712,
7/10/2024 6:00:00 AM,01CN_TRELC1,N,N,N,3641.0712,3641.0712,3305.8398,3641.0712,3641.0712,
7/10/2024 6:00:00 AM,01CN_TRELC2,N,N,N,3640.7095,3640.7095,3305.8398,3640.7095,3640.7095,
7/10/2024 6:00:00 AM,01CONSOL_G01,N,N,N,3640.7095,3640.7095,3570.2378,3640.7095,3640.7095,
7/10/2024 6:00:00 AM,01CRUZD_MECO,N,N,N,3650.4759,3650.4759,3305.8398,3650.4759,3650.4759,
7/10/2024 6:00:00 AM,01CRUZD_SS,N,N,N,3649.0290,3649.0290,3305.8398,3649.0290,3649.0290,
7/10/2024 6:00:00 AM,01CRUZD_T2L1,N,N,N,3650.4759,3650.4759,3305.8398,3650.4759,3650.4759,
7/10/2024 6:00:00 AM,01CURIM_SS,N,N,N,3738.0121,3738.0121,3305.8398,3738.0121,3738.0121,
7/10/2024 6:00:00 AM,01CURIM_T1L1,N,N,N,3738.7355,3738.7355,3305.8398,3738.7355,3738.7355,
7/10/2024 6:00:00 AM,01CURIM_T1L2,N,N,N,3738.7355,3738.7355,3305.8398,3738.7355,3738.7355,
7/10/2024 6:00:00 AM,01CURSOL_G02,N,N,N,3736.5652,3736.5652,3528.2995,3736.5652,3736.5652,
7/10/2024 6:00:00 AM,01DALSOL_G01,N,N,N,3641.0712,3641.0712,3467.9031,3641.0712,3641.0712,
7/10/2024 6:00:00 AM,01DUHAT_SS,N,N,N,3642.8798,3642.8798,3305.8398,3642.8798,3642.8798,
7/10/2024 6:00:00 AM,01DUHAT_T1L1,N,N,N,3649.7525,3649.7525,3305.8398,3649.7525,3649.7525,
7/10/2024 6:00:00 AM,01EHVSJ_SS,N,N,N,3591.8773,3591.8773,3305.8398,3591.8773,3591.8773,
7/10/2024 6:00:00 AM,01EHVSM_SS,N,N,N,3598.0265,3598.0265,3305.8398,3598.0265,3598.0265,
7/10/2024 6:00:00 AM,01GAMU_BAT,N,N,N,3865.6992,3865.6992,3305.8398,3865.6992,3865.6992,
7/10/2024 6:00:00 AM,01GAMU_BATL,N,N,N,3865.6992,3865.6992,3305.8398,3865.6992,3865.6992,
7/10/2024 6:00:00 AM,01GAMU_SS,N,N,N,3860.9968,3860.9968,3305.8398,3860.9968,3860.9968,
7/10/2024 6:00:00 AM,01GAMU_T1L1,N,N,N,3865.6992,3865.6992,3305.8398,3865.6992,3865.6992,
7/10/2024 6:00:00 AM,01GAMU_T1L2,N,N,N,3860.9968,3860.9968,3305.8398,3860.9968,3860.9968,
7/10/2024 6:00:00 AM,01GFII_G01,N,N,N,3865.6992,3865.6992,3722.0853,3865.6992,3865.6992,
7/10/2024 6:00:00 AM,01GIFT_G01,N,N,N,3682.3072,3682.3072,3505.0563,3682.3072,3682.3072,
7/10/2024 6:00:00 AM,01GIFT_G02,N,N,N,3682.3072,3682.3072,3517.3563,3682.3072,3682.3072,
7/10/2024 6:00:00 AM,01GIGSOL_G01,N,N,N,3566.1952,3566.1952,3400.0979,3566.1952,3566.1952,
7/10/2024 6:00:00 AM,01GNPD_SS,N,N,N,3481.5528,3481.5528,3305.8398,3481.5528,3481.5528,
7/10/2024 6:00:00 AM,01GNPD_U01,N,N,N,3451.53,3451.53,3293.2381,3451.53,3451.53,
7/10/2024 6:00:00 AM,01GNPD_U02,N,N,N,3452.9769,3452.9769,3292.70,3452.9769,3452.9769,
7/10/2024 6:00:00 AM,01GRGOLD_G01,N,N,N,3682.3072,3682.3072,3499.5585,3682.3072,3682.3072,
7/10/2024 6:00:00 AM,01HANJI_SS,N,N,N,3529.6615,3529.6615,3305.8398,3529.6615,3529.6615,
7/10/2024 6:00:00 AM,01HANJI_T1L1,N,N,N,3530.0232,3530.0232,3305.8398,3530.0232,3530.0232,
7/10/2024 6:00:00 AM,01HANJI_T2L1,N,N,N,3529.6615,3529.6615,3305.8398,3529.6615,3529.6615,
7/10/2024 6:00:00 AM,01HERMO_FBL,N,N,N,3502.8942,3502.8942,3305.8398,3502.8942,3502.8942,
7/10/2024 6:00:00 AM,01HERMO_SS,N,N,N,3500.3622,3500.3622,3305.8398,3500.3622,3500.3622,
7/10/2024 6:00:00 AM,01HERMO_T1L1,N,N,N,3502.8942,3502.8942,3305.8398,3502.8942,3502.8942,
7/10/2024 6:00:00 AM,01HERMO_T1L2,N,N,N,3502.8942,3502.8942,3305.8398,3502.8942,3502.8942,
7/10/2024 6:00:00 AM,01HERMO_T1L3,N,N,N,3617.1977,3617.1977,3305.8398,3617.1977,3617.1977,
7/10/2024 6:00:00 AM,01HERMO_T1L4,N,N,N,3502.8942,3502.8942,3305.8398,3502.8942,3502.8942,
7/10/2024 6:00:00 AM,01HYPGRN_G01,N,N,N,3649.7525,3649.7525,3507.1316,3649.7525,3649.7525,
7/10/2024 6:00:00 AM,01IBEC_G01,N,N,N,3842.5491,3842.5491,3671.1647,3842.5491,3842.5491,
7/10/2024 6:00:00 AM,01IBULAO_G01,N,N,N,3780.6950,3780.6950,3498.8110,3780.6950,3780.6950,
7/10/2024 6:00:00 AM,01IPOWER_G01,N,N,N,3682.3072,3682.3072,3367.5863,3682.3072,3682.3072,
7/10/2024 6:00:00 AM,01IPOWER_G02,N,N,N,3682.3072,3682.3072,3507.0152,3682.3072,3682.3072,
7/10/2024 6:00:00 AM,01KDAM_SS,N,N,N,3583.5577,3583.5577,3305.8398,3583.5577,3583.5577,
7/10/2024 6:00:00 AM,01LAMAO_BAT,N,N,N,3403.7830,3403.7830,3392.6261,3403.7830,3403.7830,
7/10/2024 6:00:00 AM,01LAMAO_SS,N,N,N,3404.1447,3404.1447,3305.8398,3404.1447,3404.1447,
7/10/2024 6:00:00 AM,01LAOAG_SS,N,N,N,3727.5222,3727.5222,3305.8398,3727.5222,3727.5222,
7/10/2024 6:00:00 AM,01LAOAG_T1L1,N,N,N,3730.4160,3730.4160,3305.8398,3730.4160,3730.4160,
7/10/2024 6:00:00 AM,01LAOAG_T1L2,N,N,N,3730.4160,3730.4160,3305.8398,3730.4160,3730.4160,
7/10/2024 6:00:00 AM,01LAOAG_T2L2,N,N,N,3729.3308,3729.3308,3305.8398,3729.3308,3729.3308,
7/10/2024 6:00:00 AM,01LAOSOL_G01,N,N,N,3574.5148,3574.5148,3959.7401,3574.5148,3574.5148,
7/10/2024 6:00:00 AM,01LAOSOL_SS,N,N,N,3574.5148,3574.5148,3305.8398,3574.5148,3574.5148,
7/10/2024 6:00:00 AM,01LASUER_U01,N,N,N,3860.9968,3860.9968,3667.7116,3860.9968,3860.9968,
7/10/2024 6:00:00 AM,01LATRI_SS,N,N,N,3688.8182,3688.8182,3305.8398,3688.8182,3688.8182,
7/10/2024 6:00:00 AM,01LATRI_T1L1,N,N,N,3692.0737,3692.0737,3305.8398,3692.0737,3692.0737,
7/10/2024 6:00:00 AM,01LATRI_T2L1,N,N,N,3692.0737,3692.0737,3305.8398,3692.0737,3692.0737,
7/10/2024 6:00:00 AM,01LATRI_T2L2,N,N,N,3692.0737,3692.0737,3305.8398,3692.0737,3692.0737,
7/10/2024 6:00:00 AM,01LATRI_T2L3,N,N,N,3692.0737,3692.0737,3305.8398,3692.0737,3692.0737,
7/10/2024 6:00:00 AM,01LAT_BENECO,N,N,N,3692.0737,3692.0737,3305.8398,3692.0737,3692.0737,
7/10/2024 6:00:00 AM,01LAT_PHILEX,N,N,N,3692.0737,3692.0737,3305.8398,3692.0737,3692.0737,
7/10/2024 6:00:00 AM,01LBRDR_SS,N,N,N,3575.5999,3575.5999,3305.8398,3575.5999,3575.5999,
7/10/2024 6:00:00 AM,01LBR_CNPELC,N,N,N,3617.1977,3617.1977,3305.8398,3617.1977,3617.1977,
7/10/2024 6:00:00 AM,01LBR_DECORP,N,N,N,3575.9616,3575.9616,3305.8398,3575.9616,3575.9616,
7/10/2024 6:00:00 AM,01LBR_PNELC1,N,N,N,3576.6851,3576.6851,3305.8398,3576.6851,3576.6851,
7/10/2024 6:00:00 AM,01LIMAY_BAT,N,N,N,3413.9112,3413.9112,2829.7595,3413.9112,3413.9112,
7/10/2024 6:00:00 AM,01LIMAY_SS,N,N,N,3411.7409,3411.7409,3305.8398,3411.7409,3411.7409,
7/10/2024 6:00:00 AM,01LIMAY_U01,N,N,N,3411.7409,3411.7409,3284.6077,3411.7409,3411.7409,
7/10/2024 6:00:00 AM,01LIMAY_U02,N,N,N,3411.7409,3411.7409,3284.6077,3411.7409,3411.7409,
7/10/2024 6:00:00 AM,01LIMAY_U03,N,N,N,3411.7409,3411.7409,3284.6077,3411.7409,3411.7409,
7/10/2024 6:00:00 AM,01LIMAY_U04,N,N,N,3411.7409,3411.7409,3284.6077,3411.7409,3411.7409,
7/10/2024 6:00:00 AM,01LIMAY_U05,N,N,N,3411.7409,3411.7409,3284.6077,3411.7409,3411.7409,
7/10/2024 6:00:00 AM,01LIMAY_U06,N,N,N,3411.7409,3411.7409,3284.6077,3411.7409,3411.7409,
7/10/2024 6:00:00 AM,01LIMAY_U07,N,N,N,3411.7409,3411.7409,3284.6077,3411.7409,3411.7409,
7/10/2024 6:00:00 AM,01LIMAY_U08,N,N,N,3411.7409,3411.7409,3284.6077,3411.7409,3411.7409,
7/10/2024 6:00:00 AM,01MAEC_G01,N,N,N,3736.5652,3736.5652,3504.1389,3736.5652,3736.5652,
7/10/2024 6:00:00 AM,01MAEC_S01,N,N,N,3736.5652,3736.5652,3305.8398,3736.5652,3736.5652,
7/10/2024 6:00:00 AM,01MAGAPIT_BAT,N,N,N,4010.3871,4010.3871,3759.9936,4010.3871,4010.3871,
7/10/2024 6:00:00 AM,01MAGAT_BAT,N,N,N,3842.1874,3842.1874,3031.5984,3842.1874,3842.1874,
7/10/2024 6:00:00 AM,01MAGAT_SS,N,N,N,3842.1874,3842.1874,3305.8398,3842.1874,3842.1874,
7/10/2024 6:00:00 AM,01MAGAT_U01,N,N,N,3842.1874,3842.1874,3320.4248,3842.1874,3842.1874,
7/10/2024 6:00:00 AM,01MAGAT_U02,N,N,N,3842.1874,3842.1874,3031.5984,3842.1874,3842.1874,
7/10/2024 6:00:00 AM,01MAGAT_U03,N,N,N,3842.1874,3842.1874,3173.6332,3842.1874,3842.1874,
7/10/2024 6:00:00 AM,01MAGAT_U04,N,N,N,3842.1874,3842.1874,3658.1406,3842.1874,3842.1874,
7/10/2024 6:00:00 AM,01MALOL_SS,N,N,N,3589.7070,3589.7070,3305.8398,3589.7070,3589.7070,
7/10/2024 6:00:00 AM,01MALOL_T1L1,N,N,N,3597.6648,3597.6648,3305.8398,3597.6648,3597.6648,
7/10/2024 6:00:00 AM,01MARIS_U01,N,N,N,3842.5491,3842.5491,3689.9532,3842.5491,3842.5491,
7/10/2024 6:00:00 AM,01MARIS_U02,N,N,N,3842.5491,3842.5491,3740.4696,3842.5491,3842.5491,
7/10/2024 6:00:00 AM,01MARSOL_G01,N,N,N,3392.2080,3392.2080,3209.4001,3392.2080,3392.2080,
7/10/2024 6:00:00 AM,01MARVEL_AUX,N,N,N,3391.1228,3391.1228,3305.8398,3391.1228,3391.1228,
7/10/2024 6:00:00 AM,01MARVEL_G01,N,N,N,3390.0377,3390.0377,3264.1817,3390.0377,3390.0377,
7/10/2024 6:00:00 AM,01MARVEL_G02,N,N,N,3390.0377,3390.0377,3053.4274,3390.0377,3390.0377,
7/10/2024 6:00:00 AM,01MARVEL_SS,N,N,N,3391.1228,3391.1228,3305.8398,3391.1228,3391.1228,
7/10/2024 6:00:00 AM,01MASIWA_G01,N,N,N,3682.3072,3682.3072,3506.5463,3682.3072,3682.3072,
7/10/2024 6:00:00 AM,01MASIWA_SS,N,N,N,3682.3072,3682.3072,3305.8398,3682.3072,3682.3072,
7/10/2024 6:00:00 AM,01MATUNO_G01,N,N,N,3779.2481,3779.2481,3606.2845,3779.2481,3779.2481,
7/10/2024 6:00:00 AM,01MEXICO_SS,N,N,N,3628.4110,3628.4110,3305.8398,3628.4110,3628.4110,
7/10/2024 6:00:00 AM,01MEX_AEC,N,N,N,3630.2196,3630.2196,3305.8398,3630.2196,3630.2196,
7/10/2024 6:00:00 AM,01MEX_CISP,N,N,N,3630.9430,3630.9430,3305.8398,3630.9430,3630.9430,
7/10/2024 6:00:00 AM,01MEX_CLARK1,N,N,N,3630.9430,3630.9430,3305.8398,3630.9430,3630.9430,
7/10/2024 6:00:00 AM,01MEX_CLARK2,N,N,N,3630.9430,3630.9430,3305.8398,3630.9430,3630.9430,
7/10/2024 6:00:00 AM,01MEX_CND,N,N,N,3630.9430,3630.9430,3305.8398,3630.9430,3630.9430,
7/10/2024 6:00:00 AM,01MEX_L01,N,N,N,3630.9430,3630.9430,3305.8398,3630.9430,3630.9430,
7/10/2024 6:00:00 AM,01MEX_MIC,N,N,N,3630.2196,3630.2196,3305.8398,3630.2196,3630.2196,
7/10/2024 6:00:00 AM,01MEX_PELCO1,N,N,N,3630.9430,3630.9430,3305.8398,3630.9430,3630.9430,
7/10/2024 6:00:00 AM,01MEX_PIMP,N,N,N,3630.9430,3630.9430,3305.8398,3630.9430,3630.9430,
7/10/2024 6:00:00 AM,01MEX_SFLAPC,N,N,N,3628.7727,3628.7727,3305.8398,3628.7727,3628.7727,
7/10/2024 6:00:00 AM,01MEX_SKK,N,N,N,3630.2196,3630.2196,3305.8398,3630.2196,3630.2196,
7/10/2024 6:00:00 AM,01MPGC_SS,N,N,N,3480.1059,3480.1059,3305.8398,3480.1059,3480.1059,
7/10/2024 6:00:00 AM,01MPGC_U01,N,N,N,3617.1977,3617.1977,3233.8685,3617.1977,3617.1977,
7/10/2024 6:00:00 AM,01MPGC_U02,N,N,N,3465.2754,3465.2754,3304.9693,3465.2754,3465.2754,
7/10/2024 6:00:00 AM,01MPGC_U03,N,N,N,3472.5098,3472.5098,3304.5183,3472.5098,3472.5098,
7/10/2024 6:00:00 AM,01MPGC_U04,N,N,N,3469.2543,3469.2543,3912.2019,3469.2543,3469.2543,
7/10/2024 6:00:00 AM,01MRVEL_T1L1,N,N,N,3392.2080,3392.2080,3305.8398,3392.2080,3392.2080,
7/10/2024 6:00:00 AM,01MSINLO_BAT,N,N,N,3501.0856,3501.0856,2733.0013,3501.0856,3501.0856,
7/10/2024 6:00:00 AM,01MSINLO_G01,N,N,N,3500.0005,3500.0005,3174.4999,3500.0005,3500.0005,
7/10/2024 6:00:00 AM,01MSINLO_G02,N,N,N,3617.1977,3617.1977,3091.2639,3617.1977,3617.1977,
7/10/2024 6:00:00 AM,01MSINLO_G03,N,N,N,3499.6388,3499.6388,3383.9033,3499.6388,3499.6388,
7/10/2024 6:00:00 AM,01MSINLO_SS,N,N,N,3501.0856,3501.0856,3305.8398,3501.0856,3501.0856,
7/10/2024 6:00:00 AM,01NIABAL_G01,N,N,N,3842.5491,3842.5491,3627.8892,3842.5491,3842.5491,
7/10/2024 6:00:00 AM,01NMHC_G01,N,N,N,3692.0737,3692.0737,3471.5131,3692.0737,3692.0737,
7/10/2024 6:00:00 AM,01NMHC_G03,N,N,N,3692.0737,3692.0737,3521.9063,3692.0737,3692.0737,
7/10/2024 6:00:00 AM,01NSNMN_L01,N,N,N,3617.1977,3617.1977,3305.8398,3617.1977,3617.1977,
7/10/2024 6:00:00 AM,01NSNMN_L02,N,N,N,3622.6235,3622.6235,3305.8398,3622.6235,3622.6235,
7/10/2024 6:00:00 AM,01NSNMN_SS,N,N,N,3617.1977,3617.1977,3305.8398,3617.1977,3617.1977,
7/10/2024 6:00:00 AM,01NSNMN_T1L1,N,N,N,3619.7297,3619.7297,3305.8398,3619.7297,3619.7297,
7/10/2024 6:00:00 AM,01NWIND_G01,N,N,N,3729.3308,3729.3308,3578.4810,3729.3308,3729.3308,
7/10/2024 6:00:00 AM,01NWIND_G02,N,N,N,3729.3308,3729.3308,3578.4810,3729.3308,3729.3308,
7/10/2024 6:00:00 AM,01NWIND_L01,N,N,N,3729.3308,3729.3308,3305.8398,3729.3308,3729.3308,
7/10/2024 6:00:00 AM,01OLONG_SS,N,N,N,3515.9161,3515.9161,3305.8398,3515.9161,3515.9161,
7/10/2024 6:00:00 AM,01OLONG_T1L1,N,N,N,3518.4482,3518.4482,3305.8398,3518.4482,3518.4482,
7/10/2024 6:00:00 AM,01OLONG_T2L2,N,N,N,3518.4482,3518.4482,3305.8398,3518.4482,3518.4482,
7/10/2024 6:00:00 AM,01OLONG_T3L3,N,N,N,3518.4482,3518.4482,3305.8398,3518.4482,3518.4482,
7/10/2024 6:00:00 AM,01PAGCAP_L01,N,N,N,3725.3519,3725.3519,3305.8398,3725.3519,3725.3519,
7/10/2024 6:00:00 AM,01PAGUD_SS,N,N,N,3725.3519,3725.3519,3305.8398,3725.3519,3725.3519,
7/10/2024 6:00:00 AM,01PASQSOL_G01,N,N,N,3723.9050,3723.9050,3726.0418,3723.9050,3723.9050,
7/10/2024 6:00:00 AM,01PAVGSOL_G01,N,N,N,3413.9112,3413.9112,3287.4309,3413.9112,3413.9112,
7/10/2024 6:00:00 AM,01PETRON_G01,N,N,N,3411.0174,3411.0174,3345.6280,3411.0174,3411.0174,
7/10/2024 6:00:00 AM,01PETSOL_G01,N,N,N,3640.7095,3640.7095,3467.4594,3640.7095,3640.7095,
7/10/2024 6:00:00 AM,01PETSOL_G02,N,N,N,3640.7095,3640.7095,3611.5508,3640.7095,3640.7095,
7/10/2024 6:00:00 AM,01PNTBNG_SS,N,N,N,3654.8165,3654.8165,3305.8398,3654.8165,3654.8165,
7/10/2024 6:00:00 AM,01PNTBNG_U01,N,N,N,3654.8165,3654.8165,3479.9691,3654.8165,3654.8165,
7/10/2024 6:00:00 AM,01PNTBNG_U02,N,N,N,3654.8165,3654.8165,3479.9691,3654.8165,3654.8165,
7/10/2024 6:00:00 AM,01RASLAG_G01,N,N,N,3630.9430,3630.9430,3459.9575,3630.9430,3630.9430,
7/10/2024 6:00:00 AM,01RASLAG_G02,N,N,N,3630.9430,3630.9430,3592.4825,3630.9430,3630.9430,
7/10/2024 6:00:00 AM,01RASLAG_G03,N,N,N,3630.9430,3630.9430,3612.8122,3630.9430,3630.9430,
7/10/2024 6:00:00 AM,01SABANG_G01,N,N,N,3692.0737,3692.0737,3435.6921,3692.0737,3692.0737,
7/10/2024 6:00:00 AM,01SANMIGSOL_G01,N,N,N,3650.4759,3650.4759,3476.5470,3650.4759,3650.4759,
7/10/2024 6:00:00 AM,01SE_ABRECO,N,N,N,3717.7558,3717.7558,3305.8398,3717.7558,3717.7558,
7/10/2024 6:00:00 AM,01SLANGN_G01,N,N,N,3692.0737,3692.0737,3521.9063,3692.0737,3692.0737,
7/10/2024 6:00:00 AM,01SMBELL_G01,N,N,N,3780.6950,3780.6950,3608.4245,3780.6950,3780.6950,
7/10/2024 6:00:00 AM,01SMC_G01,N,N,N,3402.6979,3402.6979,3211.5454,3402.6979,3402.6979,
7/10/2024 6:00:00 AM,01SMC_G02,N,N,N,3402.6979,3402.6979,3448.5858,3402.6979,3402.6979,
7/10/2024 6:00:00 AM,01SMC_G03,N,N,N,3402.6979,3402.6979,3449.0256,3402.6979,3402.6979,
7/10/2024 6:00:00 AM,01SMC_G04,N,N,N,3387.5056,3387.5056,3438.2431,3387.5056,3387.5056,
7/10/2024 6:00:00 AM,01SMC_SS,N,N,N,3402.6979,3402.6979,3305.8398,3402.6979,3402.6979,
7/10/2024 6:00:00 AM,01SMC_SS2,N,N,N,3402.6979,3402.6979,3305.8398,3402.6979,3402.6979,
7/10/2024 6:00:00 AM,01SMC_SS3,N,N,N,3402.6979,3402.6979,3305.8398,3402.6979,3402.6979,
7/10/2024 6:00:00 AM,01SMC_SS4,N,N,N,3387.5056,3387.5056,3305.8398,3387.5056,3387.5056,
7/10/2024 6:00:00 AM,01SNEST_SS,N,N,N,3712.6917,3712.6917,3305.8398,3712.6917,3712.6917,
7/10/2024 6:00:00 AM,01SNEST_T3L1,N,N,N,3722.0964,3722.0964,3305.8398,3722.0964,3722.0964,
7/10/2024 6:00:00 AM,01SNEST_T3L2,N,N,N,3722.0964,3722.0964,3305.8398,3722.0964,3722.0964,
7/10/2024 6:00:00 AM,01SNJOSE_L01,N,N,N,3616.1125,3616.1125,3305.8398,3616.1125,3616.1125,
7/10/2024 6:00:00 AM,01SNJOSE_SS,N,N,N,3610.6867,3610.6867,3305.8398,3610.6867,3610.6867,
7/10/2024 6:00:00 AM,01SNJOS_CAM,N,N,N,3616.1125,3616.1125,3305.8398,3616.1125,3616.1125,
7/10/2024 6:00:00 AM,01SNJOS_T1L1,N,N,N,3616.1125,3616.1125,3305.8398,3616.1125,3616.1125,
7/10/2024 6:00:00 AM,01SNJOS_T1L2,N,N,N,3640.7095,3640.7095,3305.8398,3640.7095,3640.7095,
7/10/2024 6:00:00 AM,01SNJOS_T1L3,N,N,N,3615.7508,3615.7508,3305.8398,3615.7508,3615.7508,
7/10/2024 6:00:00 AM,01SNMAN_BAT,N,N,N,3634.1985,3634.1985,3471.8833,3634.1985,3634.1985,
7/10/2024 6:00:00 AM,01SNMAN_LYO,N,N,N,3634.1985,3634.1985,3305.8398,3634.1985,3634.1985,
7/10/2024 6:00:00 AM,01SNMAN_SS,N,N,N,3617.5594,3617.5594,3305.8398,3617.5594,3617.5594,
7/10/2024 6:00:00 AM,01SNMAN_T1L2,N,N,N,3634.1985,3634.1985,3305.8398,3634.1985,3634.1985,
7/10/2024 6:00:00 AM,01SNMARSOL_G01,N,N,N,3499.2770,3499.2770,3473.9944,3499.2770,3499.2770,
7/10/2024 6:00:00 AM,01SNMAR_SS,N,N,N,3499.2770,3499.2770,3305.8398,3499.2770,3499.2770,
7/10/2024 6:00:00 AM,01SNM_PNELC3,N,N,N,3634.1985,3634.1985,3305.8398,3634.1985,3634.1985,
7/10/2024 6:00:00 AM,01SNTGO_SS,N,N,N,3842.5491,3842.5491,3305.8398,3842.5491,3842.5491,
7/10/2024 6:00:00 AM,01SNTGO_T1L1,N,N,N,3842.5491,3842.5491,3305.8398,3842.5491,3842.5491,
7/10/2024 6:00:00 AM,01SNTGO_T1L2,N,N,N,3842.5491,3842.5491,3305.8398,3842.5491,3842.5491,
7/10/2024 6:00:00 AM,01SNTGO_T1L3,N,N,N,3842.5491,3842.5491,3305.8398,3842.5491,3842.5491,
7/10/2024 6:00:00 AM,01SNTGO_T2L1,N,N,N,3842.5491,3842.5491,3305.8398,3842.5491,3842.5491,
7/10/2024 6:00:00 AM,01SNTGO_T2L2,N,N,N,3842.5491,3842.5491,3305.8398,3842.5491,3842.5491,
7/10/2024 6:00:00 AM,01SPABUL_G01,N,N,N,3650.4759,3650.4759,3579.9445,3650.4759,3650.4759,
7/10/2024 6:00:00 AM,01SROQUE_SS,N,N,N,3617.1977,3617.1977,3305.8398,3617.1977,3617.1977,
7/10/2024 6:00:00 AM,01SROQUE_U01,N,N,N,3617.1977,3617.1977,3441.6143,3617.1977,3617.1977,
7/10/2024 6:00:00 AM,01SROQUE_U02,N,N,N,3617.1977,3617.1977,3441.6143,3617.1977,3617.1977,
7/10/2024 6:00:00 AM,01SROQUE_U03,N,N,N,3617.1977,3617.1977,3441.6143,3617.1977,3617.1977,
7/10/2024 6:00:00 AM,01SUAL_G01,N,N,N,3560.7694,3560.7694,3399.5785,3560.7694,3560.7694,
7/10/2024 6:00:00 AM,01SUAL_G02,N,N,N,3565.4718,3565.4718,3422.4151,3565.4718,3565.4718,
7/10/2024 6:00:00 AM,01SUAL_T3L1,N,N,N,3566.5569,3566.5569,3305.8398,3566.5569,3566.5569,
7/10/2024 6:00:00 AM,01SUBIC_T3L1,N,N,N,3510.8521,3510.8521,3305.8398,3510.8521,3510.8521,
7/10/2024 6:00:00 AM,01SUBIC_T3L2,N,N,N,3510.8521,3510.8521,3305.8398,3510.8521,3510.8521,
7/10/2024 6:00:00 AM,01SUBSOL_G01,N,N,N,3510.8521,3510.8521,3421.2888,3510.8521,3510.8521,
7/10/2024 6:00:00 AM,01SUPSOL_G01,N,N,N,3510.8521,3510.8521,3044.5432,3510.8521,3510.8521,
7/10/2024 6:00:00 AM,01S_ENRO_G01,N,N,N,3510.8521,3510.8521,3355.3195,3510.8521,3510.8521,
7/10/2024 6:00:00 AM,01S_ENRO_SS,N,N,N,3510.8521,3510.8521,3305.8398,3510.8521,3510.8521,
7/10/2024 6:00:00 AM,01TERASU_G01,N,N,N,3641.0712,3641.0712,3527.9782,3641.0712,3641.0712,
7/10/2024 6:00:00 AM,01TGEGA_SS,N,N,N,4007.1316,4007.1316,3305.8398,4007.1316,4007.1316,
7/10/2024 6:00:00 AM,01TGEGA_T1L1,N,N,N,4010.3871,4010.3871,3305.8398,4010.3871,4010.3871,
7/10/2024 6:00:00 AM,01TG_CGELCO1,N,N,N,4010.3871,4010.3871,3305.8398,4010.3871,4010.3871,
7/10/2024 6:00:00 AM,01TG_CGELCO2,N,N,N,4010.3871,4010.3871,3305.8398,4010.3871,4010.3871,
7/10/2024 6:00:00 AM,01TG_ISELCO2,N,N,N,4010.3871,4010.3871,3305.8398,4010.3871,4010.3871,
7/10/2024 6:00:00 AM,01TRASU_L01,N,N,N,3641.0712,3641.0712,3305.8398,3641.0712,3641.0712,
7/10/2024 6:00:00 AM,01TRUSTBIO_G01,N,N,N,3630.9430,3630.9430,3459.9575,3630.9430,3630.9430,
7/10/2024 6:00:00 AM,01TRUSTSOL_G01,N,N,N,3630.9430,3630.9430,3194.5547,3630.9430,3630.9430,
7/10/2024 6:00:00 AM,01T_ASIA_G01,N,N,N,3615.3891,3615.3891,3448.3659,3615.3891,3615.3891,
7/10/2024 6:00:00 AM,01T_ASI_T3L1,N,N,N,3615.3891,3615.3891,3305.8398,3615.3891,3615.3891,
7/10/2024 6:00:00 AM,01UPPC_G01,N,N,N,3630.9430,3630.9430,3459.9575,3630.9430,3630.9430,
7/10/2024 6:00:00 AM,01VSGRIP_G01,N,N,N,3682.3072,3682.3072,3667.1264,3682.3072,3682.3072,
7/10/2024 6:00:00 AM,01YHGRN_G01,N,N,N,3502.8942,3502.8942,3158.8534,3502.8942,3502.8942,
7/10/2024 6:00:00 AM,01ZAMSOL_G01,N,N,N,3566.1952,3566.1952,3401.5730,3566.1952,3566.1952,
7/10/2024 6:00:00 AM,02ARANE_T1L1,N,N,N,3662.0509,3662.0509,3305.8398,3662.0509,3662.0509,
7/10/2024 6:00:00 AM,02BALNT_T1L1,N,N,N,3643.6032,3643.6032,3305.8398,3643.6032,3643.6032,
7/10/2024 6:00:00 AM,02DOLOR_T1L1,N,N,N,3661.6892,3661.6892,3305.8398,3661.6892,3661.6892,
7/10/2024 6:00:00 AM,02ECOPRK_G01,N,N,N,3643.6032,3643.6032,3454.9565,3643.6032,3643.6032,
7/10/2024 6:00:00 AM,02ECOTAGA_G01,N,N,N,3643.6032,3643.6032,3474.6327,3643.6032,3643.6032,
7/10/2024 6:00:00 AM,02MMPP_G01,N,N,N,3643.6032,3643.6032,3466.7966,3643.6032,3643.6032,
7/10/2024 6:00:00 AM,02PACO_T1L1,N,N,N,3665.3064,3665.3064,3305.8398,3665.3064,3665.3064,
7/10/2024 6:00:00 AM,02PNGEA_G01,N,N,N,3643.6032,3643.6032,3454.9651,3643.6032,3643.6032,
7/10/2024 6:00:00 AM,02PNGYSOL_G01,N,N,N,3661.6892,3661.6892,3511.9747,3661.6892,3661.6892,
7/10/2024 6:00:00 AM,02SMNRTH_G01,N,N,N,3643.6032,3643.6032,3466.7966,3643.6032,3643.6032,
7/10/2024 6:00:00 AM,02SUCAT_T1L1,N,N,N,3630.5813,3630.5813,3305.8398,3630.5813,3630.5813,
7/10/2024 6:00:00 AM,02TMOBIL_G01,N,N,N,3643.6032,3643.6032,3466.7966,3643.6032,3643.6032,
7/10/2024 6:00:00 AM,02TMOBIL_G02,N,N,N,3643.6032,3643.6032,3466.7966,3643.6032,3643.6032,
7/10/2024 6:00:00 AM,02TMOBIL_G03,N,N,N,3643.6032,3643.6032,3466.7966,3643.6032,3643.6032,
7/10/2024 6:00:00 AM,02TMOBIL_G04,N,N,N,3643.6032,3643.6032,3466.7966,3643.6032,3643.6032,
7/10/2024 6:00:00 AM,02VALSOL_G01,N,N,N,3643.6032,3643.6032,3432.5334,3643.6032,3643.6032,
7/10/2024 6:00:00 AM,02ZAPOT_T1L1,N,N,N,3616.1125,3616.1125,3305.8398,3616.1125,3616.1125,
7/10/2024 6:00:00 AM,03ADISOL_G01,N,N,N,3491.6809,3491.6809,3097.0761,3491.6809,3491.6809,
7/10/2024 6:00:00 AM,03ALMNOS_BAT1,N,N,N,3623.3469,3623.3469,3441.7993,3623.3469,3623.3469,
7/10/2024 6:00:00 AM,03ALMNOS_BAT2,N,N,N,3623.3469,3623.3469,2857.0361,3623.3469,3623.3469,
7/10/2024 6:00:00 AM,03AMADEO_T1L1,N,N,N,3575.5999,3575.5999,3305.8398,3575.5999,3575.5999,
7/10/2024 6:00:00 AM,03AVION_SS,N,N,N,3605.2609,3605.2609,3305.8398,3605.2609,3605.2609,
7/10/2024 6:00:00 AM,03AVION_U01,N,N,N,3604.8992,3604.8992,3395.2649,3604.8992,3604.8992,
7/10/2024 6:00:00 AM,03AVION_U02,N,N,N,3604.8992,3604.8992,3435.5262,3604.8992,3604.8992,
7/10/2024 6:00:00 AM,03AWOC_G01,N,N,N,3661.6892,3661.6892,3878.8746,3661.6892,3661.6892,
7/10/2024 6:00:00 AM,03BACMAN_SS,N,N,N,3366.1642,3366.1642,3305.8398,3366.1642,3366.1642,
7/10/2024 6:00:00 AM,03BACMAN_U01,N,N,N,3350.9719,3350.9719,3321.6462,3350.9719,3350.9719,
7/10/2024 6:00:00 AM,03BACMAN_U02,N,N,N,3351.3337,3351.3337,3230.2850,3351.3337,3351.3337,
7/10/2024 6:00:00 AM,03BACMAN_U03,N,N,N,3365.0790,3365.0790,3230.6690,3365.0790,3365.0790,
7/10/2024 6:00:00 AM,03BALUG_G01,N,N,N,3655.9017,3655.9017,3549.5872,3655.9017,3655.9017,
7/10/2024 6:00:00 AM,03BART_G01,N,N,N,3450.4449,3450.4449,3294.4019,3450.4449,3450.4449,
7/10/2024 6:00:00 AM,03BATAN_SS,N,N,N,3612.4953,3612.4953,3305.8398,3612.4953,3612.4953,
7/10/2024 6:00:00 AM,03BATAN_T1L2,N,N,N,3626.6024,3626.6024,3305.8398,3626.6024,3626.6024,
7/10/2024 6:00:00 AM,03BATAN_T2L2,N,N,N,3613.5805,3613.5805,3305.8398,3613.5805,3613.5805,
7/10/2024 6:00:00 AM,03BAT_BTLEC2,N,N,N,3615.3891,3615.3891,3305.8398,3615.3891,3615.3891,
7/10/2024 6:00:00 AM,03BAT_LIP01,N,N,N,3615.3891,3615.3891,3305.8398,3615.3891,3615.3891,
7/10/2024 6:00:00 AM,03BAT_LIP02,N,N,N,3615.3891,3615.3891,3305.8398,3615.3891,3615.3891,
7/10/2024 6:00:00 AM,03BAT_MECO,N,N,N,3615.3891,3615.3891,3305.8398,3615.3891,3615.3891,
7/10/2024 6:00:00 AM,03BAT_MECO1,N,N,N,3615.3891,3615.3891,3305.8398,3615.3891,3615.3891,
7/10/2024 6:00:00 AM,03BAT_MECO2,N,N,N,3615.3891,3615.3891,3305.8398,3615.3891,3615.3891,
7/10/2024 6:00:00 AM,03BAT_ROS01,N,N,N,3615.3891,3615.3891,3305.8398,3615.3891,3615.3891,
7/10/2024 6:00:00 AM,03BAT_T1L1,N,N,N,3626.6024,3626.6024,3305.8398,3626.6024,3626.6024,
7/10/2024 6:00:00 AM,03BAT_T2L1,N,N,N,3613.5805,3613.5805,3305.8398,3613.5805,3613.5805,
7/10/2024 6:00:00 AM,03BBEC_G01,N,N,N,3450.4449,3450.4449,3295.2906,3450.4449,3450.4449,
7/10/2024 6:00:00 AM,03BINAN_SS,N,N,N,3610.3250,3610.3250,3305.8398,3610.3250,3610.3250,
7/10/2024 6:00:00 AM,03BINAN_T1L1,N,N,N,3614.3039,3614.3039,3305.8398,3614.3039,3614.3039,
7/10/2024 6:00:00 AM,03BOTOCA_G01,N,N,N,3655.9017,3655.9017,3493.4326,3655.9017,3655.9017,
7/10/2024 6:00:00 AM,03BOTOCA_L01,N,N,N,3655.9017,3655.9017,3305.8398,3655.9017,3655.9017,
7/10/2024 6:00:00 AM,03BOTOCA_SS,N,N,N,3655.9017,3655.9017,3305.8398,3655.9017,3655.9017,
7/10/2024 6:00:00 AM,03CADPI_G01,N,N,N,3491.6809,3491.6809,3317.2547,3491.6809,3491.6809,
7/10/2024 6:00:00 AM,03CALACA_G01,N,N,N,3617.1977,3617.1977,3259.1267,3617.1977,3617.1977,
7/10/2024 6:00:00 AM,03CALACA_G02,N,N,N,3488.4254,3488.4254,3242.9428,3488.4254,3488.4254,
7/10/2024 6:00:00 AM,03CALAMBA_L01,N,N,N,3625.1555,3625.1555,3305.8398,3625.1555,3625.1555,
7/10/2024 6:00:00 AM,03CALAMBA_SS,N,N,N,3620.0914,3620.0914,3305.8398,3620.0914,3620.0914,
7/10/2024 6:00:00 AM,03CALAU_SS,N,N,N,3668.5619,3668.5619,3305.8398,3668.5619,3668.5619,
7/10/2024 6:00:00 AM,03CALAU_T1L1,N,N,N,3672.1791,3672.1791,3305.8398,3672.1791,3672.1791,
7/10/2024 6:00:00 AM,03CALIRY_G01,N,N,N,3655.9017,3655.9017,3478.6862,3655.9017,3655.9017,
7/10/2024 6:00:00 AM,03CALIRY_SS,N,N,N,3655.9017,3655.9017,3305.8398,3655.9017,3655.9017,
7/10/2024 6:00:00 AM,03CALIRY_SS1,N,N,N,3655.9017,3655.9017,3305.8398,3655.9017,3655.9017,
7/10/2024 6:00:00 AM,03CALIR_TAL1,N,N,N,3656.2634,3656.2634,3305.8398,3656.2634,3656.2634,
7/10/2024 6:00:00 AM,03CALI_FLECO,N,N,N,3656.2634,3656.2634,3305.8398,3656.2634,3656.2634,
7/10/2024 6:00:00 AM,03CALSOL_G01,N,N,N,3491.6809,3491.6809,3317.2547,3491.6809,3491.6809,
7/10/2024 6:00:00 AM,03CLABSOL_G01,N,N,N,3450.4449,3450.4449,3294.5458,3450.4449,3450.4449,
7/10/2024 6:00:00 AM,03CLACA_SS,N,N,N,3533.2787,3533.2787,3305.8398,3533.2787,3533.2787,
7/10/2024 6:00:00 AM,03CLA_BCNOT,N,N,N,3478.2973,3478.2973,3305.8398,3478.2973,3478.2973,
7/10/2024 6:00:00 AM,03CLA_BTLEC1,N,N,N,3491.6809,3491.6809,3305.8398,3491.6809,3491.6809,
7/10/2024 6:00:00 AM,03CLA_STLCOR,N,N,N,3491.6809,3491.6809,3305.8398,3491.6809,3491.6809,
7/10/2024 6:00:00 AM,03CLA_T1L1,N,N,N,3491.6809,3491.6809,3305.8398,3491.6809,3491.6809,
7/10/2024 6:00:00 AM,03CLBATO_G01,N,N,N,3672.1791,3672.1791,3074.2019,3672.1791,3672.1791,
7/10/2024 6:00:00 AM,03DARAG_SS,N,N,N,3402.6979,3402.6979,3305.8398,3402.6979,3402.6979,
7/10/2024 6:00:00 AM,03DARAG_T1L1,N,N,N,3617.1977,3617.1977,3305.8398,3617.1977,3617.1977,
7/10/2024 6:00:00 AM,03DAR_ALECO,N,N,N,3405.5916,3405.5916,3305.8398,3405.5916,3405.5916,
7/10/2024 6:00:00 AM,03DAR_SRECO2,N,N,N,3408.4854,3408.4854,3305.8398,3408.4854,3408.4854,
7/10/2024 6:00:00 AM,03DAR_STDOM,N,N,N,3405.5916,3405.5916,3305.8398,3405.5916,3405.5916,
7/10/2024 6:00:00 AM,03DASMA_L01,N,N,N,3591.8773,3591.8773,3305.8398,3591.8773,3591.8773,
7/10/2024 6:00:00 AM,03DASMA_SS,N,N,N,3581.3874,3581.3874,3305.8398,3581.3874,3581.3874,
7/10/2024 6:00:00 AM,03EERI_G01,N,N,N,3517.3630,3517.3630,3350.2941,3517.3630,3517.3630,
7/10/2024 6:00:00 AM,03EERI_G02,N,N,N,3517.3630,3517.3630,3342.0242,3517.3630,3517.3630,
7/10/2024 6:00:00 AM,03EERI_G03,N,N,N,3617.1977,3617.1977,3342.0242,3617.1977,3617.1977,
7/10/2024 6:00:00 AM,03EERI_L01,N,N,N,3517.3630,3517.3630,3305.8398,3517.3630,3517.3630,
7/10/2024 6:00:00 AM,03EERI_SS,N,N,N,3517.3630,3517.3630,3305.8398,3517.3630,3517.3630,
7/10/2024 6:00:00 AM,03GUMAC_SS,N,N,N,3600.1969,3600.1969,3305.8398,3600.1969,3600.1969,
7/10/2024 6:00:00 AM,03GUMAC_T1L1,N,N,N,3602.3672,3602.3672,3305.8398,3602.3672,3602.3672,
7/10/2024 6:00:00 AM,03GUMAC_T1L2,N,N,N,3602.3672,3602.3672,3305.8398,3602.3672,3602.3672,
7/10/2024 6:00:00 AM,03GUMAC_T1L3,N,N,N,3602.3672,3602.3672,3305.8398,3602.3672,3602.3672,
7/10/2024 6:00:00 AM,03GUMAC_T1L4,N,N,N,3602.3672,3602.3672,3305.8398,3602.3672,3602.3672,
7/10/2024 6:00:00 AM,03ILIJAN_G01,N,N,N,3517.0013,3517.0013,3257.0430,3517.0013,3517.0013,
7/10/2024 6:00:00 AM,03ILIJAN_G02,N,N,N,3516.2779,3516.2779,3415.0121,3516.2779,3516.2779,
7/10/2024 6:00:00 AM,03ILIJAN_SS,N,N,N,3517.0013,3517.0013,3305.8398,3517.0013,3517.0013,
7/10/2024 6:00:00 AM,03ILIJAN_SS2,N,N,N,3516.2779,3516.2779,3305.8398,3516.2779,3516.2779,
7/10/2024 6:00:00 AM,03INARI_G01,N,N,N,3450.4449,3450.4449,3278.0681,3450.4449,3450.4449,
7/10/2024 6:00:00 AM,03INGRID_GS1,N,N,N,3655.54,3655.54,3476.4531,3655.54,3655.54,
7/10/2024 6:00:00 AM,03INGRID_GS2,N,N,N,3655.54,3655.54,3476.4531,3655.54,3655.54,
7/10/2024 6:00:00 AM,03INGRID_GS3,N,N,N,3655.54,3655.54,3476.4531,3655.54,3655.54,
7/10/2024 6:00:00 AM,03INGRID_GS4,N,N,N,3655.54,3655.54,3476.4531,3655.54,3655.54,
7/10/2024 6:00:00 AM,03INGRID_GS5,N,N,N,3655.54,3655.54,3476.4531,3655.54,3655.54,
7/10/2024 6:00:00 AM,03INGRID_GS6,N,N,N,3655.54,3655.54,3476.4531,3655.54,3655.54,
7/10/2024 6:00:00 AM,03KAL_E_T1L1,N,N,N,3653.3697,3653.3697,3305.8398,3653.3697,3653.3697,
7/10/2024 6:00:00 AM,03KAL_G01,N,N,N,3654.0931,3654.0931,3474.1116,3654.0931,3654.0931,
7/10/2024 6:00:00 AM,03KAL_G02,N,N,N,3656.2634,3656.2634,3305.8398,3656.2634,3656.2634,
7/10/2024 6:00:00 AM,03KAL_G03,N,N,N,3654.0931,3654.0931,3474.5331,3654.0931,3654.0931,
7/10/2024 6:00:00 AM,03KAL_G04,N,N,N,3658.4337,3658.4337,3305.8398,3658.4337,3658.4337,
7/10/2024 6:00:00 AM,03KAL_SS,N,N,N,3654.0931,3654.0931,3305.8398,3654.0931,3654.0931,
7/10/2024 6:00:00 AM,03LABO_SS,N,N,N,3533.2787,3533.2787,3305.8398,3533.2787,3533.2787,
7/10/2024 6:00:00 AM,03LABO_T1L1,N,N,N,3536.1725,3536.1725,3305.8398,3536.1725,3536.1725,
7/10/2024 6:00:00 AM,03LABO_T1L2,N,N,N,3617.1977,3617.1977,3305.8398,3617.1977,3617.1977,
7/10/2024 6:00:00 AM,03LMHP_G01,N,N,N,3441.4019,3441.4019,3285.2150,3441.4019,3441.4019,
7/10/2024 6:00:00 AM,03LUMBAN_BAT,N,N,N,3653.3697,3653.3697,3472.6955,3653.3697,3653.3697,
7/10/2024 6:00:00 AM,03LUMBAN_BATL,N,N,N,3653.3697,3653.3697,3305.8398,3653.3697,3653.3697,
7/10/2024 6:00:00 AM,03LUMBAN_SS,N,N,N,3652.6462,3652.6462,3305.8398,3652.6462,3652.6462,
7/10/2024 6:00:00 AM,03LWERLAB_G01,N,N,N,3653.3697,3653.3697,3633.4202,3653.3697,3653.3697,
7/10/2024 6:00:00 AM,03MAJAY_G01,N,N,N,3655.9017,3655.9017,3156.5341,3655.9017,3655.9017,
7/10/2024 6:00:00 AM,03MAKBA_T3L1,N,N,N,3623.3469,3623.3469,3305.8398,3623.3469,3623.3469,
7/10/2024 6:00:00 AM,03MAKBA_T3L2,N,N,N,3617.1977,3617.1977,3305.8398,3617.1977,3617.1977,
7/10/2024 6:00:00 AM,03MALAYA_G01,N,N,N,3655.54,3655.54,3476.4504,3655.54,3655.54,
7/10/2024 6:00:00 AM,03MALAYA_G02,N,N,N,3617.1977,3617.1977,3446.3274,3617.1977,3617.1977,
7/10/2024 6:00:00 AM,03MEC_G01,N,N,N,3591.8773,3591.8773,3706.1644,3591.8773,3591.8773,
7/10/2024 6:00:00 AM,03MGI_G02,N,N,N,3672.1791,3672.1791,3491.4606,3672.1791,3672.1791,
7/10/2024 6:00:00 AM,03MGPP_G01,N,N,N,3672.1791,3672.1791,3488.7660,3672.1791,3672.1791,
7/10/2024 6:00:00 AM,03MKBNA_SS,N,N,N,3622.9852,3622.9852,3305.8398,3622.9852,3622.9852,
7/10/2024 6:00:00 AM,03MKBNB_SS,N,N,N,3621.90,3621.90,3305.8398,3621.90,3621.90,
7/10/2024 6:00:00 AM,03MKBNC_SS,N,N,N,3617.1977,3617.1977,3305.8398,3617.1977,3617.1977,
7/10/2024 6:00:00 AM,03MKBND_SS,N,N,N,3621.1766,3621.1766,3305.8398,3621.1766,3621.1766,
7/10/2024 6:00:00 AM,03MKBNE_SS,N,N,N,3623.3469,3623.3469,3305.8398,3623.3469,3623.3469,
7/10/2024 6:00:00 AM,03MKBN_A,N,N,N,3601.6437,3601.6437,3424.9212,3601.6437,3601.6437,
7/10/2024 6:00:00 AM,03MKBN_B,N,N,N,3618.6446,3618.6446,3435.2311,3618.6446,3618.6446,
7/10/2024 6:00:00 AM,03MKBN_C,N,N,N,3617.1977,3617.1977,3446.3274,3617.1977,3617.1977,
7/10/2024 6:00:00 AM,03MKBN_D,N,N,N,3619.7297,3619.7297,3432.1553,3619.7297,3619.7297,
7/10/2024 6:00:00 AM,03MKBN_E,N,N,N,3623.3469,3623.3469,3388.6801,3623.3469,3623.3469,
7/10/2024 6:00:00 AM,03MKBN_SLACE,N,N,N,3623.3469,3623.3469,3305.8398,3623.3469,3623.3469,
7/10/2024 6:00:00 AM,03MLAYA_L01,N,N,N,3655.54,3655.54,3305.8398,3655.54,3655.54,
7/10/2024 6:00:00 AM,03MLAYA_SS,N,N,N,3655.54,3655.54,3305.8398,3655.54,3655.54,
7/10/2024 6:00:00 AM,03MLAYA_SS1,N,N,N,3655.54,3655.54,3305.8398,3655.54,3655.54,
7/10/2024 6:00:00 AM,03MLAYA_T2L1,N,N,N,3655.54,3655.54,3305.8398,3655.54,3655.54,
7/10/2024 6:00:00 AM,03MLAYA_T2L2,N,N,N,3617.1977,3617.1977,3305.8398,3617.1977,3617.1977,
7/10/2024 6:00:00 AM,03NAG_CSRC2B,N,N,N,3450.4449,3450.4449,3305.8398,3450.4449,3450.4449,
7/10/2024 6:00:00 AM,03NAG_CSRCO1,N,N,N,3450.4449,3450.4449,3305.8398,3450.4449,3450.4449,
7/10/2024 6:00:00 AM,03NAG_CSRCO2,N,N,N,3450.4449,3450.4449,3305.8398,3450.4449,3450.4449,
7/10/2024 6:00:00 AM,03NAG_CSRCO3,N,N,N,3450.4449,3450.4449,3305.8398,3450.4449,3450.4449,
7/10/2024 6:00:00 AM,03NAG_CSRCO4,N,N,N,3450.4449,3450.4449,3305.8398,3450.4449,3450.4449,
7/10/2024 6:00:00 AM,03NAG_SS,N,N,N,3450.0832,3450.0832,3305.8398,3450.0832,3450.0832,
7/10/2024 6:00:00 AM,03ORMAT_G01,N,N,N,3617.1977,3617.1977,3330.5465,3617.1977,3617.1977,
7/10/2024 6:00:00 AM,03ORMAT_SS,N,N,N,3623.3469,3623.3469,3305.8398,3623.3469,3623.3469,
7/10/2024 6:00:00 AM,03PAGBIL_G01,N,N,N,3617.1977,3617.1977,3565.0288,3617.1977,3617.1977,
7/10/2024 6:00:00 AM,03PAGBIL_G02,N,N,N,3499.6388,3499.6388,3422.5123,3499.6388,3499.6388,
7/10/2024 6:00:00 AM,03PAGBIL_G03,N,N,N,3498.9153,3498.9153,3353.1940,3498.9153,3498.9153,
7/10/2024 6:00:00 AM,03PAGEHV_SS,N,N,N,3514.8310,3514.8310,3305.8398,3514.8310,3514.8310,
7/10/2024 6:00:00 AM,03PALAK_G01,N,N,N,3672.1791,3672.1791,3534.6221,3672.1791,3672.1791,
7/10/2024 6:00:00 AM,03PALAYAN_G01,N,N,N,3362.1852,3362.1852,3438.6525,3362.1852,3362.1852,
7/10/2024 6:00:00 AM,03PGBIL_SS,N,N,N,3500.0005,3500.0005,3305.8398,3500.0005,3500.0005,
7/10/2024 6:00:00 AM,03PGBIL_SS1,N,N,N,3617.1977,3617.1977,3305.8398,3617.1977,3617.1977,
7/10/2024 6:00:00 AM,03PGBIL_SS2,N,N,N,3500.0005,3500.0005,3305.8398,3500.0005,3500.0005,
7/10/2024 6:00:00 AM,03QPPL_G01,N,N,N,3441.4019,3441.4019,3268.5591,3441.4019,3441.4019,
7/10/2024 6:00:00 AM,03QPPL_SU1,N,N,N,3441.4019,3441.4019,3305.8398,3441.4019,3441.4019,
7/10/2024 6:00:00 AM,03QPPL_T5L1,N,N,N,3441.4019,3441.4019,3305.8398,3441.4019,3441.4019,
7/10/2024 6:00:00 AM,03RCBMI_G01,N,N,N,3613.5805,3613.5805,3424.9711,3613.5805,3613.5805,
7/10/2024 6:00:00 AM,03RCBMI_G02,N,N,N,3613.5805,3613.5805,3424.9711,3613.5805,3613.5805,
7/10/2024 6:00:00 AM,03SBPL_G01,N,N,N,3441.4019,3441.4019,3283.1685,3441.4019,3441.4019,
7/10/2024 6:00:00 AM,03SBPL_L01,N,N,N,3441.4019,3441.4019,3305.8398,3441.4019,3441.4019,
7/10/2024 6:00:00 AM,03SLPGC_G01,N,N,N,3471.0629,3471.0629,3266.8895,3471.0629,3471.0629,
7/10/2024 6:00:00 AM,03SLPGC_G02,N,N,N,3471.0629,3471.0629,3233.3790,3471.0629,3471.0629,
7/10/2024 6:00:00 AM,03SLPGC_SS,N,N,N,3488.4254,3488.4254,3305.8398,3488.4254,3488.4254,
7/10/2024 6:00:00 AM,03SLTEC_G01,N,N,N,3477.5739,3477.5739,3271.2251,3477.5739,3477.5739,
7/10/2024 6:00:00 AM,03SLTEC_G02,N,N,N,3477.2121,3477.2121,3277.6567,3477.2121,3477.2121,
7/10/2024 6:00:00 AM,03SLTEC_SS,N,N,N,3478.2973,3478.2973,3305.8398,3478.2973,3478.2973,
7/10/2024 6:00:00 AM,03SNGAB_G01,N,N,N,3600.5586,3600.5586,4031.8138,3600.5586,3600.5586,
7/10/2024 6:00:00 AM,03SNGAB_S01,N,N,N,3600.5586,3600.5586,3305.8398,3600.5586,3600.5586,
7/10/2024 6:00:00 AM,03SOLACE_G01,N,N,N,3623.3469,3623.3469,3419.0851,3623.3469,3623.3469,
7/10/2024 6:00:00 AM,03STA-RI_G01,N,N,N,3445.3808,3445.3808,3283.5928,3445.3808,3445.3808,
7/10/2024 6:00:00 AM,03STA-RI_G02,N,N,N,3454.4238,3454.4238,3290.7718,3454.4238,3454.4238,
7/10/2024 6:00:00 AM,03STA-RI_G03,N,N,N,3454.4238,3454.4238,3291.5354,3454.4238,3454.4238,
7/10/2024 6:00:00 AM,03STA-RI_G04,N,N,N,3454.4238,3454.4238,3291.5354,3454.4238,3454.4238,
7/10/2024 6:00:00 AM,03STA-RI_G05,N,N,N,3604.8992,3604.8992,3515.1762,3604.8992,3604.8992,
7/10/2024 6:00:00 AM,03STA-RI_G06,N,N,N,3617.1977,3617.1977,3289.8628,3617.1977,3617.1977,
7/10/2024 6:00:00 AM,03STAR_SS1,N,N,N,3445.3808,3445.3808,3305.8398,3445.3808,3445.3808,
7/10/2024 6:00:00 AM,03STAR_SS2,N,N,N,3454.4238,3454.4238,3305.8398,3454.4238,3454.4238,
7/10/2024 6:00:00 AM,03STAR_SS3,N,N,N,3454.4238,3454.4238,3305.8398,3454.4238,3454.4238,
7/10/2024 6:00:00 AM,03STAR_SS4,N,N,N,3454.4238,3454.4238,3305.8398,3454.4238,3454.4238,
7/10/2024 6:00:00 AM,03STAR_SS5,N,N,N,3604.8992,3604.8992,3305.8398,3604.8992,3604.8992,
7/10/2024 6:00:00 AM,03STAR_SS6,N,N,N,3605.9844,3605.9844,3305.8398,3605.9844,3605.9844,
7/10/2024 6:00:00 AM,03STROS_T1L1,N,N,N,3611.7719,3611.7719,3305.8398,3611.7719,3611.7719,
7/10/2024 6:00:00 AM,03TAYAB_SS,N,N,N,3518.8099,3518.8099,3305.8398,3518.8099,3518.8099,
7/10/2024 6:00:00 AM,03TAYAB_T1L1,N,N,N,3515.5544,3515.5544,3305.8398,3515.5544,3515.5544,
7/10/2024 6:00:00 AM,03TAYAB_T1L2,N,N,N,3515.5544,3515.5544,3305.8398,3515.5544,3515.5544,
7/10/2024 6:00:00 AM,03TGPP_G01,N,N,N,3427.2948,3427.2948,2699.2680,3427.2948,3427.2948,
7/10/2024 6:00:00 AM,03TGPP_L01,N,N,N,3427.2948,3427.2948,3305.8398,3427.2948,3427.2948,
7/10/2024 6:00:00 AM,03TIBAG_G01,N,N,N,3653.3697,3653.3697,3472.6955,3653.3697,3653.3697,
7/10/2024 6:00:00 AM,03TIWIA_SS,N,N,N,3429.1034,3429.1034,3305.8398,3429.1034,3429.1034,
7/10/2024 6:00:00 AM,03TIWIC_L01,N,N,N,3617.1977,3617.1977,3305.8398,3617.1977,3617.1977,
7/10/2024 6:00:00 AM,03TIWIC_SS,N,N,N,3429.1034,3429.1034,3305.8398,3429.1034,3429.1034,
7/10/2024 6:00:00 AM,03TIWI_A,N,N,N,3428.7417,3428.7417,3274.9929,3428.7417,3428.7417,
7/10/2024 6:00:00 AM,03TIWI_C,N,N,N,3428.38,3428.38,3281.6707,3428.38,3428.38,
7/10/2024 6:00:00 AM,03UPLAB_G01,N,N,N,3653.3697,3653.3697,3483.5567,3653.3697,3653.3697,
7/10/2024 6:00:00 AM,04BABAT_SS,N,N,N,3747.7785,3747.7785,3305.8398,3747.7785,3747.7785,
7/10/2024 6:00:00 AM,04BABAT_T1L1,N,N,N,3747.7785,3747.7785,3305.8398,3747.7785,3747.7785,
7/10/2024 6:00:00 AM,04BAGLI_T1L1,N,N,N,3750.6723,3750.6723,3305.8398,3750.6723,3750.6723,
7/10/2024 6:00:00 AM,04BAGLI_T1L2,N,N,N,3750.6723,3750.6723,3305.8398,3750.6723,3750.6723,
7/10/2024 6:00:00 AM,04BILGPP_G01,N,N,N,3627.3258,3627.3258,2739.0789,3627.3258,3627.3258,
7/10/2024 6:00:00 AM,04CLBYBNK_G01,N,N,N,3824.1014,3824.1014,2854.1162,3824.1014,3824.1014,
7/10/2024 6:00:00 AM,04CLBYOG_L02,N,N,N,3824.1014,3824.1014,3305.8398,3824.1014,3824.1014,
7/10/2024 6:00:00 AM,04CLBYOG_SS,N,N,N,3824.8248,3824.8248,3305.8398,3824.8248,3824.8248,
7/10/2024 6:00:00 AM,04IASMOD_G01,N,N,N,3611.4102,3611.4102,2831.0507,3611.4102,3611.4102,
7/10/2024 6:00:00 AM,04IASMOD_G02,N,N,N,3611.4102,3611.4102,2966.5542,3611.4102,3611.4102,
7/10/2024 6:00:00 AM,04IASMOD_G03,N,N,N,3611.4102,3611.4102,2806.3003,3611.4102,3611.4102,
7/10/2024 6:00:00 AM,04IASMOD_G04,N,N,N,3611.4102,3611.4102,2863.8791,3611.4102,3611.4102,
7/10/2024 6:00:00 AM,04IASMOD_G05,N,N,N,3611.4102,3611.4102,2928.5915,3611.4102,3611.4102,
7/10/2024 6:00:00 AM,04IASMOD_G06,N,N,N,3611.4102,3611.4102,2841.5327,3611.4102,3611.4102,
7/10/2024 6:00:00 AM,04ISABE_SS,N,N,N,3611.4102,3611.4102,3305.8398,3611.4102,3611.4102,
7/10/2024 6:00:00 AM,04ISABE_T1L1,N,N,N,3611.4102,3611.4102,3305.8398,3611.4102,3611.4102,
7/10/2024 6:00:00 AM,04ISABE_T2L1,N,N,N,3611.4102,3611.4102,3305.8398,3611.4102,3611.4102,
7/10/2024 6:00:00 AM,04ISABE_T3L1,N,N,N,3617.1977,3617.1977,3305.8398,3617.1977,3617.1977,
7/10/2024 6:00:00 AM,04ISABE_T4L2,N,N,N,3611.4102,3611.4102,3305.8398,3611.4102,3611.4102,
7/10/2024 6:00:00 AM,04ISABE_T5L2,N,N,N,3611.4102,3611.4102,3305.8398,3611.4102,3611.4102,
7/10/2024 6:00:00 AM,04LEYTE_A,N,N,N,3624.7938,3624.7938,2781.4975,3624.7938,3624.7938,
7/10/2024 6:00:00 AM,04LEYTE_S01,N,N,N,3624.7938,3624.7938,3305.8398,3624.7938,3624.7938,
7/10/2024 6:00:00 AM,04LGPP_G01,N,N,N,3596.9414,3596.9414,2716.8952,3596.9414,3596.9414,
7/10/2024 6:00:00 AM,04MAASI_SS,N,N,N,3785.7591,3785.7591,3305.8398,3785.7591,3785.7591,
7/10/2024 6:00:00 AM,04MAASI_T1L1,N,N,N,3786.8443,3786.8443,3305.8398,3786.8443,3786.8443,
7/10/2024 6:00:00 AM,04MAASI_T2L2,N,N,N,3786.8443,3786.8443,3305.8398,3786.8443,3786.8443,
7/10/2024 6:00:00 AM,04ORMOC_BAT,N,N,N,3627.3258,3627.3258,2739.0789,3627.3258,3627.3258,
7/10/2024 6:00:00 AM,04ORMOC_SS,N,N,N,3626.9641,3626.9641,3305.8398,3626.9641,3626.9641,
7/10/2024 6:00:00 AM,04ORMOC_T2L1,N,N,N,3627.3258,3627.3258,3305.8398,3627.3258,3627.3258,
7/10/2024 6:00:00 AM,04ORMOC_T2L2,N,N,N,3627.3258,3627.3258,3305.8398,3627.3258,3627.3258,
7/10/2024 6:00:00 AM,04PARA_SS,N,N,N,3794.4404,3794.4404,3305.8398,3794.4404,3794.4404,
7/10/2024 6:00:00 AM,04PHSOL_G01,N,N,N,3627.3258,3627.3258,2654.4080,3627.3258,3627.3258,
7/10/2024 6:00:00 AM,04SEPSOL_G01,N,N,N,3627.3258,3627.3258,2695.8578,3627.3258,3627.3258,
7/10/2024 6:00:00 AM,04SNAGU_L01,N,N,N,3824.1014,3824.1014,3305.8398,3824.1014,3824.1014,
7/10/2024 6:00:00 AM,04STAR_SS,N,N,N,3750.6723,3750.6723,3305.8398,3750.6723,3750.6723,
7/10/2024 6:00:00 AM,04TABAN_SS,N,N,N,3627.6876,3627.6876,3305.8398,3627.6876,3627.6876,
7/10/2024 6:00:00 AM,04TABAN_T1L1,N,N,N,3617.1977,3617.1977,3305.8398,3617.1977,3617.1977,
7/10/2024 6:00:00 AM,04TAFT_G01,N,N,N,3799.8662,3799.8662,2923.4054,3799.8662,3799.8662,
7/10/2024 6:00:00 AM,04TONGO_T2L2,N,N,N,3598.3883,3598.3883,3305.8398,3598.3883,3598.3883,
7/10/2024 6:00:00 AM,04WRIGH_T1L1,N,N,N,3794.0787,3794.0787,3305.8398,3794.0787,3794.0787,
7/10/2024 6:00:00 AM,04WRIGH_T2L2,N,N,N,3800.2279,3800.2279,3305.8398,3800.2279,3800.2279,
7/10/2024 6:00:00 AM,05BANIL_T1L1,N,N,N,3636.0071,3636.0071,3305.8398,3636.0071,3636.0071,
7/10/2024 6:00:00 AM,05BANIL_T1L2,N,N,N,3636.3688,3636.3688,3305.8398,3636.3688,3636.3688,
7/10/2024 6:00:00 AM,05BANIL_T1L3,N,N,N,3636.0071,3636.0071,3305.8398,3636.0071,3636.0071,
7/10/2024 6:00:00 AM,05CALUNG_CEP,N,N,N,3586.0898,3586.0898,3305.8398,3586.0898,3586.0898,
7/10/2024 6:00:00 AM,05CARMENDPP_U01,N,N,N,3595.4945,3595.4945,2012.6290,3595.4945,3595.4945,
7/10/2024 6:00:00 AM,05CARMENDPP_U02,N,N,N,3595.4945,3595.4945,2727.9107,3595.4945,3595.4945,
7/10/2024 6:00:00 AM,05CARMENDPP_U03,N,N,N,3595.4945,3595.4945,2012.6290,3595.4945,3595.4945,
7/10/2024 6:00:00 AM,05CARMENDPP_U04,N,N,N,3595.4945,3595.4945,2727.9107,3595.4945,3595.4945,
7/10/2024 6:00:00 AM,05CDPPI_SS1,N,N,N,3617.1977,3617.1977,3305.8398,3617.1977,3617.1977,
7/10/2024 6:00:00 AM,05CDPPI_SS2,N,N,N,3617.1977,3617.1977,3305.8398,3617.1977,3617.1977,
7/10/2024 6:00:00 AM,05CEDC_SS,N,N,N,3581.0257,3581.0257,3305.8398,3581.0257,3581.0257,
7/10/2024 6:00:00 AM,05CEDC_U01,N,N,N,3580.3023,3580.3023,2727.7789,3580.3023,3580.3023,
7/10/2024 6:00:00 AM,05CEDC_U02,N,N,N,3580.3023,3580.3023,2728.2550,3580.3023,3580.3023,
7/10/2024 6:00:00 AM,05CEDC_U03,N,N,N,3580.3023,3580.3023,2670.0449,3580.3023,3580.3023,
7/10/2024 6:00:00 AM,05CEMEX_L01,N,N,N,3617.1977,3617.1977,3305.8398,3617.1977,3617.1977,
7/10/2024 6:00:00 AM,05COLON_L01,N,N,N,3617.5594,3617.5594,3305.8398,3617.5594,3617.5594,
7/10/2024 6:00:00 AM,05COMPS_SS,N,N,N,3638.5392,3638.5392,3305.8398,3638.5392,3638.5392,
7/10/2024 6:00:00 AM,05COMPS_T1L1,N,N,N,3641.0712,3641.0712,3305.8398,3641.0712,3641.0712,
7/10/2024 6:00:00 AM,05COMPS_T2L2,N,N,N,3641.0712,3641.0712,3305.8398,3641.0712,3641.0712,
7/10/2024 6:00:00 AM,05CPPC_U01,N,N,N,3633.8368,3633.8368,2750.4854,3633.8368,3633.8368,
7/10/2024 6:00:00 AM,05CPPC_U02,N,N,N,3633.8368,3633.8368,2750.4854,3633.8368,3633.8368,
7/10/2024 6:00:00 AM,05CPPC_U03,N,N,N,3633.8368,3633.8368,2750.4854,3633.8368,3633.8368,
7/10/2024 6:00:00 AM,05CPPC_U04,N,N,N,3633.8368,3633.8368,2750.4854,3633.8368,3633.8368,
7/10/2024 6:00:00 AM,05CPPC_U05,N,N,N,3633.8368,3633.8368,2750.4854,3633.8368,3633.8368,
7/10/2024 6:00:00 AM,05CPPC_U06,N,N,N,3633.8368,3633.8368,2750.4854,3633.8368,3633.8368,
7/10/2024 6:00:00 AM,05CPPC_U07,N,N,N,3633.8368,3633.8368,2750.4854,3633.8368,3633.8368,
7/10/2024 6:00:00 AM,05CPPC_U08,N,N,N,3633.8368,3633.8368,2750.4854,3633.8368,3633.8368,
7/10/2024 6:00:00 AM,05CPPC_U09,N,N,N,3633.8368,3633.8368,2750.4854,3633.8368,3633.8368,
7/10/2024 6:00:00 AM,05CPPC_U10,N,N,N,3633.8368,3633.8368,2750.4854,3633.8368,3633.8368,
7/10/2024 6:00:00 AM,05DAANB_SS,N,N,N,3632.0282,3632.0282,3305.8398,3632.0282,3632.0282,
7/10/2024 6:00:00 AM,05DMA_L01,N,N,N,3577.4085,3577.4085,3305.8398,3577.4085,3577.4085,
7/10/2024 6:00:00 AM,05EAUC_U01,N,N,N,3655.54,3655.54,2765.8111,3655.54,3655.54,
7/10/2024 6:00:00 AM,05EAUC_U02,N,N,N,3655.54,3655.54,2765.8111,3655.54,3655.54,
7/10/2024 6:00:00 AM,05EAUC_U03,N,N,N,3655.54,3655.54,2765.8111,3655.54,3655.54,
7/10/2024 6:00:00 AM,05EAUC_U04,N,N,N,3655.54,3655.54,2765.8111,3655.54,3655.54,
7/10/2024 6:00:00 AM,05KSPC_G01,N,N,N,3614.6656,3614.6656,2742.1454,3614.6656,3614.6656,
7/10/2024 6:00:00 AM,05KSPC_G02,N,N,N,3617.1977,3617.1977,2599.2712,3617.1977,3617.1977,
7/10/2024 6:00:00 AM,05KSPC_SS1,N,N,N,3614.6656,3614.6656,3305.8398,3614.6656,3614.6656,
7/10/2024 6:00:00 AM,05KSPC_SS2,N,N,N,3615.0274,3615.0274,3305.8398,3615.0274,3615.0274,
7/10/2024 6:00:00 AM,05LAPU_SS,N,N,N,3654.0931,3654.0931,3305.8398,3654.0931,3654.0931,
7/10/2024 6:00:00 AM,05MCTAN_T1L1,N,N,N,3655.54,3655.54,3305.8398,3655.54,3655.54,
7/10/2024 6:00:00 AM,05MNDUE_SS,N,N,N,3651.1993,3651.1993,3305.8398,3651.1993,3651.1993,
7/10/2024 6:00:00 AM,05MNDUE_T1L1,N,N,N,3652.2845,3652.2845,3305.8398,3652.2845,3652.2845,
7/10/2024 6:00:00 AM,05MNDUE_T1L2,N,N,N,3652.2845,3652.2845,3305.8398,3652.2845,3652.2845,
7/10/2024 6:00:00 AM,05MNDUE_T1L4,N,N,N,3652.2845,3652.2845,3305.8398,3652.2845,3652.2845,
7/10/2024 6:00:00 AM,05MNDUE_T1L5,N,N,N,3652.2845,3652.2845,3305.8398,3652.2845,3652.2845,
7/10/2024 6:00:00 AM,05NAGA_T1L1,N,N,N,3617.1977,3617.1977,3305.8398,3617.1977,3617.1977,
7/10/2024 6:00:00 AM,05NAGA_T2L2,N,N,N,3617.1977,3617.1977,3305.8398,3617.1977,3617.1977,
7/10/2024 6:00:00 AM,05NAGLES_L01,N,N,N,3621.1766,3621.1766,3305.8398,3621.1766,3621.1766,
7/10/2024 6:00:00 AM,05NNAGVE_L01,N,N,N,3617.1977,3617.1977,3305.8398,3617.1977,3617.1977,
7/10/2024 6:00:00 AM,05NNAGVE_L02,N,N,N,3617.1977,3617.1977,3305.8398,3617.1977,3617.1977,
7/10/2024 6:00:00 AM,05QUIOT_T1L1,N,N,N,3633.8368,3633.8368,3305.8398,3633.8368,3633.8368,
7/10/2024 6:00:00 AM,05SAMB_L01,N,N,N,3534.7256,3534.7256,3305.8398,3534.7256,3534.7256,
7/10/2024 6:00:00 AM,05SAMB_L02,N,N,N,3617.1977,3617.1977,3305.8398,3617.1977,3617.1977,
7/10/2024 6:00:00 AM,05TALATR1_SS,N,N,N,3586.0898,3586.0898,3305.8398,3586.0898,3586.0898,
7/10/2024 6:00:00 AM,05TALAV_SS,N,N,N,3586.0898,3586.0898,3305.8398,3586.0898,3586.0898,
7/10/2024 6:00:00 AM,05TALAV_T1L1,N,N,N,3586.0898,3586.0898,3305.8398,3586.0898,3586.0898,
7/10/2024 6:00:00 AM,05TALIS_T1L1,N,N,N,3617.1977,3617.1977,3305.8398,3617.1977,3617.1977,
7/10/2024 6:00:00 AM,05THVI_SS1,N,N,N,3596.5797,3596.5797,3305.8398,3596.5797,3596.5797,
7/10/2024 6:00:00 AM,05THVI_SS2,N,N,N,3596.5797,3596.5797,3305.8398,3596.5797,3596.5797,
7/10/2024 6:00:00 AM,05THVI_U01,N,N,N,3596.5797,3596.5797,2722.5387,3596.5797,3596.5797,
7/10/2024 6:00:00 AM,05THVI_U02,N,N,N,3596.5797,3596.5797,2701.9174,3596.5797,3596.5797,
7/10/2024 6:00:00 AM,05TOLEDO_BAT,N,N,N,3586.0898,3586.0898,2722.3924,3586.0898,3586.0898,
7/10/2024 6:00:00 AM,05TOLSOL_G01,N,N,N,3586.0898,3586.0898,2489.8433,3586.0898,3586.0898,
7/10/2024 6:00:00 AM,05TOL_CARMEN,N,N,N,3595.4945,3595.4945,3305.8398,3595.4945,3595.4945,
7/10/2024 6:00:00 AM,05TPC_G01,N,N,N,3595.4945,3595.4945,2727.9107,3595.4945,3595.4945,
7/10/2024 6:00:00 AM,05TPC_G02,N,N,N,3595.4945,3595.4945,2721.1895,3595.4945,3595.4945,
7/10/2024 6:00:00 AM,05TPC_L01,N,N,N,3595.4945,3595.4945,3305.8398,3595.4945,3595.4945,
7/10/2024 6:00:00 AM,05TPC_S01,N,N,N,3595.4945,3595.4945,3305.8398,3595.4945,3595.4945,
7/10/2024 6:00:00 AM,05TPC_S02,N,N,N,3595.4945,3595.4945,3305.8398,3595.4945,3595.4945,
7/10/2024 6:00:00 AM,05TPVI_U01,N,N,N,3617.1977,3617.1977,2737.60,3617.1977,3617.1977,
7/10/2024 6:00:00 AM,05TPVI_U02,N,N,N,3617.1977,3617.1977,2737.60,3617.1977,3617.1977,
7/10/2024 6:00:00 AM,05TPVI_U03,N,N,N,3617.1977,3617.1977,2737.60,3617.1977,3617.1977,
7/10/2024 6:00:00 AM,05TPVI_U04,N,N,N,3617.1977,3617.1977,2737.60,3617.1977,3617.1977,
7/10/2024 6:00:00 AM,05TPVI_U05,N,N,N,3617.1977,3617.1977,2737.60,3617.1977,3617.1977,
7/10/2024 6:00:00 AM,05TPVI_U06,N,N,N,3617.1977,3617.1977,2737.60,3617.1977,3617.1977,
7/10/2024 6:00:00 AM,06AMLAN_SS,N,N,N,3507.5966,3507.5966,3305.8398,3507.5966,3507.5966,
7/10/2024 6:00:00 AM,06AMLAN_T1L1,N,N,N,3508.32,3508.32,3305.8398,3508.32,3508.32,
7/10/2024 6:00:00 AM,06AMLAN_T2L2,N,N,N,3508.32,3508.32,3305.8398,3508.32,3508.32,
7/10/2024 6:00:00 AM,06AMLA_G01,N,N,N,3508.32,3508.32,3232.9552,3508.32,3508.32,
7/10/2024 6:00:00 AM,06BACOL_SS,N,N,N,3669.6471,3669.6471,3305.8398,3669.6471,3669.6471,
7/10/2024 6:00:00 AM,06BACOL_T1L1,N,N,N,3669.2853,3669.2853,3305.8398,3669.2853,3669.2853,
7/10/2024 6:00:00 AM,06BACOL_T1L2,N,N,N,3669.2853,3669.2853,3305.8398,3669.2853,3669.2853,
7/10/2024 6:00:00 AM,06BACOL_T2L2,N,N,N,3669.2853,3669.2853,3305.8398,3669.2853,3669.2853,
7/10/2024 6:00:00 AM,06BACOL_T3L3,N,N,N,3669.2853,3669.2853,3305.8398,3669.2853,3669.2853,
7/10/2024 6:00:00 AM,06BBGPP_G01,N,N,N,3669.6471,3669.6471,3017.4834,3669.6471,3669.6471,
7/10/2024 6:00:00 AM,06BBGPP_L01,N,N,N,3669.6471,3669.6471,3305.8398,3669.6471,3669.6471,
7/10/2024 6:00:00 AM,06BCLBAS_LD1,N,N,N,3669.2853,3669.2853,3305.8398,3669.2853,3669.2853,
7/10/2024 6:00:00 AM,06BCL_SS,N,N,N,3668.9236,3668.9236,3305.8398,3668.9236,3668.9236,
7/10/2024 6:00:00 AM,06BISCOM_G01,N,N,N,3626.2407,3626.2407,3322.8605,3626.2407,3626.2407,
7/10/2024 6:00:00 AM,06CABI_G01,N,N,N,3508.32,3508.32,3232.9552,3508.32,3508.32,
7/10/2024 6:00:00 AM,06CADIZL_SS,N,N,N,3651.5611,3651.5611,3305.8398,3651.5611,3651.5611,
7/10/2024 6:00:00 AM,06CADIZL_T1L1,N,N,N,3651.5611,3651.5611,3305.8398,3651.5611,3651.5611,
7/10/2024 6:00:00 AM,06CADIZL_T1L2,N,N,N,3651.5611,3651.5611,3305.8398,3651.5611,3651.5611,
7/10/2024 6:00:00 AM,06CADIZL_T1L3,N,N,N,3651.5611,3651.5611,3305.8398,3651.5611,3651.5611,
7/10/2024 6:00:00 AM,06CADIZL_T1L4,N,N,N,3651.5611,3651.5611,3305.8398,3651.5611,3651.5611,
7/10/2024 6:00:00 AM,06CARSOL_G01,N,N,N,3669.2853,3669.2853,3225.9073,3669.2853,3669.2853,
7/10/2024 6:00:00 AM,06CAY_SS,N,N,N,3620.4532,3620.4532,3305.8398,3620.4532,3620.4532,
7/10/2024 6:00:00 AM,06CENPRI_U01,N,N,N,3669.2853,3669.2853,3358.0465,3669.2853,3669.2853,
7/10/2024 6:00:00 AM,06CENPRI_U02,N,N,N,3669.2853,3669.2853,3358.0465,3669.2853,3669.2853,
7/10/2024 6:00:00 AM,06CENPRI_U03,N,N,N,3669.2853,3669.2853,3358.0465,3669.2853,3669.2853,
7/10/2024 6:00:00 AM,06CENPRI_U04,N,N,N,3669.2853,3669.2853,3358.0465,3669.2853,3669.2853,
7/10/2024 6:00:00 AM,06CENPRI_U05,N,N,N,3669.2853,3669.2853,3358.0465,3669.2853,3669.2853,
7/10/2024 6:00:00 AM,06CLTRAVA_SS,N,N,N,3620.4532,3620.4532,3305.8398,3620.4532,3620.4532,
7/10/2024 6:00:00 AM,06FFHC_G01,N,N,N,3651.5611,3651.5611,3345.5033,3651.5611,3651.5611,
7/10/2024 6:00:00 AM,06HELIOS_G01,N,N,N,3651.5611,3651.5611,3729.1155,3651.5611,3651.5611,
7/10/2024 6:00:00 AM,06HELIOS_S01,N,N,N,3651.5611,3651.5611,3305.8398,3651.5611,3651.5611,
7/10/2024 6:00:00 AM,06HPCO_G01,N,N,N,3617.1977,3617.1977,2737.60,3617.1977,3617.1977,
7/10/2024 6:00:00 AM,06HPCO_G02,N,N,N,3617.1977,3617.1977,2737.60,3617.1977,3617.1977,
7/10/2024 6:00:00 AM,06KABAN_BAT,N,N,N,3629.1344,3629.1344,3937.5768,3629.1344,3629.1344,
7/10/2024 6:00:00 AM,06KABAN_L01,N,N,N,3629.1344,3629.1344,3305.8398,3629.1344,3629.1344,
7/10/2024 6:00:00 AM,06KABAN_SS,N,N,N,3629.1344,3629.1344,3305.8398,3629.1344,3629.1344,
7/10/2024 6:00:00 AM,06KABAN_T1L1,N,N,N,3626.2407,3626.2407,3305.8398,3626.2407,3626.2407,
7/10/2024 6:00:00 AM,06KABAN_T2L2,N,N,N,3626.2407,3626.2407,3305.8398,3626.2407,3626.2407,
7/10/2024 6:00:00 AM,06MABIN_SS,N,N,N,3562.9397,3562.9397,3305.8398,3562.9397,3562.9397,
7/10/2024 6:00:00 AM,06MABIN_T1L1,N,N,N,3562.5780,3562.5780,3305.8398,3562.5780,3562.5780,
7/10/2024 6:00:00 AM,06MABIN_T2L2,N,N,N,3562.5780,3562.5780,3305.8398,3562.5780,3562.5780,
7/10/2024 6:00:00 AM,06MANSOL_G01,N,N,N,3651.5611,3651.5611,4046.4299,3651.5611,3651.5611,
7/10/2024 6:00:00 AM,06MNTSOL_G01,N,N,N,3508.32,3508.32,4294.7181,3508.32,3508.32,
7/10/2024 6:00:00 AM,06NASULO_G01,N,N,N,3478.2973,3478.2973,3206.1899,3478.2973,3478.2973,
7/10/2024 6:00:00 AM,06NTNEGB_G01,N,N,N,3617.1977,3617.1977,2737.60,3617.1977,3617.1977,
7/10/2024 6:00:00 AM,06PAL1A_G01,N,N,N,3474.6801,3474.6801,3207.2102,3474.6801,3474.6801,
7/10/2024 6:00:00 AM,06PAL1A_SS,N,N,N,3475.7653,3475.7653,3305.8398,3475.7653,3475.7653,
7/10/2024 6:00:00 AM,06PAL2A_U01,N,N,N,3478.6590,3478.6590,3209.7470,3478.6590,3478.6590,
7/10/2024 6:00:00 AM,06PAL2A_U02,N,N,N,3478.6590,3478.6590,3206.9143,3478.6590,3478.6590,
7/10/2024 6:00:00 AM,06PAL2A_U03,N,N,N,3617.1977,3617.1977,3254.4930,3617.1977,3617.1977,
7/10/2024 6:00:00 AM,06PAL2A_U04,N,N,N,3617.1977,3617.1977,2737.60,3617.1977,3617.1977,
7/10/2024 6:00:00 AM,06PGPP2_SS,N,N,N,3479.3825,3479.3825,3305.8398,3479.3825,3479.3825,
7/10/2024 6:00:00 AM,06SACASL_G01,N,N,N,3620.4532,3620.4532,2438.7459,3620.4532,3620.4532,
7/10/2024 6:00:00 AM,06SACASL_G02,N,N,N,3620.4532,3620.4532,2370.9307,3620.4532,3620.4532,
7/10/2024 6:00:00 AM,06SACSUN_G01,N,N,N,3620.0914,3620.0914,2542.2837,3620.0914,3620.0914,
7/10/2024 6:00:00 AM,06SCBE_G01,N,N,N,3651.5611,3651.5611,3345.5033,3651.5611,3651.5611,
7/10/2024 6:00:00 AM,06SCBIOP_G01,N,N,N,3617.1977,3617.1977,2015.0514,3617.1977,3617.1977,
7/10/2024 6:00:00 AM,06SLYSOL_G01,N,N,N,3669.2853,3669.2853,3624.8221,3669.2853,3669.2853,
7/10/2024 6:00:00 AM,06SNCARLOS_SS,N,N,N,3620.4532,3620.4532,3305.8398,3620.4532,3620.4532,
7/10/2024 6:00:00 AM,06STNEGB_G01,N,N,N,3617.1977,3617.1977,2737.60,3617.1977,3617.1977,
7/10/2024 6:00:00 AM,06URC_G01,N,N,N,3562.5780,3562.5780,3276.6561,3562.5780,3562.5780,
7/10/2024 6:00:00 AM,06VMC_G01,N,N,N,3617.1977,3617.1977,2737.60,3617.1977,3617.1977,
7/10/2024 6:00:00 AM,06VMC_G02,N,N,N,3669.2853,3669.2853,3358.0465,3669.2853,3669.2853,
7/10/2024 6:00:00 AM,07BDPP_U01,N,N,N,4090.3271,4090.3271,3135.0254,4090.3271,4090.3271,
7/10/2024 6:00:00 AM,07BDPP_U02,N,N,N,4090.3271,4090.3271,3135.0254,4090.3271,4090.3271,
7/10/2024 6:00:00 AM,07BDPP_U03,N,N,N,4090.3271,4090.3271,3135.0254,4090.3271,4090.3271,
7/10/2024 6:00:00 AM,07BDPP_U04,N,N,N,4090.3271,4090.3271,3135.0254,4090.3271,4090.3271,
7/10/2024 6:00:00 AM,07BOHOL_T1L1,N,N,N,3997.0034,3997.0034,3305.8398,3997.0034,3997.0034,
7/10/2024 6:00:00 AM,07BOHOL_T4L4,N,N,N,3997.0034,3997.0034,3305.8398,3997.0034,3997.0034,
7/10/2024 6:00:00 AM,07COREL_T1L1,N,N,N,4090.3271,4090.3271,3305.8398,4090.3271,4090.3271,
7/10/2024 6:00:00 AM,07COREL_T1L2,N,N,N,4090.3271,4090.3271,3305.8398,4090.3271,4090.3271,
7/10/2024 6:00:00 AM,07COREL_T1L3,N,N,N,4090.3271,4090.3271,3305.8398,4090.3271,4090.3271,
7/10/2024 6:00:00 AM,07JANOPO_G01,N,N,N,4090.3271,4090.3271,3135.0254,4090.3271,4090.3271,
7/10/2024 6:00:00 AM,07LOBOC_G01,N,N,N,4090.3271,4090.3271,3253.84,4090.3271,4090.3271,
7/10/2024 6:00:00 AM,07LOBOC_G02,N,N,N,4090.3271,4090.3271,3415.1499,4090.3271,4090.3271,
7/10/2024 6:00:00 AM,07SEVILL_G01,N,N,N,4090.3271,4090.3271,3420.6909,4090.3271,4090.3271,
7/10/2024 6:00:00 AM,07TPLPB4_U01,N,N,N,3997.7269,3997.7269,3051.3562,3997.7269,3997.7269,
7/10/2024 6:00:00 AM,07TPLPB4_U02,N,N,N,3997.7269,3997.7269,3051.3562,3997.7269,3997.7269,
7/10/2024 6:00:00 AM,07TPLPB4_U03,N,N,N,3997.7269,3997.7269,3051.3562,3997.7269,3997.7269,
7/10/2024 6:00:00 AM,07TPLPB4_U04,N,N,N,3997.7269,3997.7269,3051.3562,3997.7269,3997.7269,
7/10/2024 6:00:00 AM,07UBAY_BAT,N,N,N,3997.0034,3997.0034,3050.8163,3997.0034,3997.0034,
7/10/2024 6:00:00 AM,07UBAY_T1L1,N,N,N,3997.0034,3997.0034,3305.8398,3997.0034,3997.0034,
7/10/2024 6:00:00 AM,07UBAY_T2L2,N,N,N,3997.0034,3997.0034,3305.8398,3997.0034,3997.0034,
7/10/2024 6:00:00 AM,07UBAY_T3L3,N,N,N,3997.7269,3997.7269,3305.8398,3997.7269,3997.7269,
7/10/2024 6:00:00 AM,08BANTAP_L01,N,N,N,30069.5143,30069.5143,3305.8398,30069.5143,30069.5143,
7/10/2024 6:00:00 AM,08BARTAC_L01,N,N,N,3617.1977,3617.1977,3305.8398,3617.1977,3617.1977,
7/10/2024 6:00:00 AM,08BARTAC_SS,N,N,N,3673.9877,3673.9877,3305.8398,3673.9877,3673.9877,
7/10/2024 6:00:00 AM,08BVISTA_L01,N,N,N,30074.9401,30074.9401,3305.8398,30074.9401,30074.9401,
7/10/2024 6:00:00 AM,08BVISTA_L02,N,N,N,30074.9401,30074.9401,3305.8398,30074.9401,30074.9401,
7/10/2024 6:00:00 AM,08CASA_G01,N,N,N,29971.1265,29971.1265,3408.9419,29971.1265,29971.1265,
7/10/2024 6:00:00 AM,08CASA_G02,N,N,N,29971.1265,29971.1265,3408.9419,29971.1265,29971.1265,
7/10/2024 6:00:00 AM,08CONCP_T1L1,N,N,N,3678.69,3678.69,3305.8398,3678.69,3678.69,
7/10/2024 6:00:00 AM,08COSMO_G01,N,N,N,30015.2563,30015.2563,3432.0904,30015.2563,30015.2563,
7/10/2024 6:00:00 AM,08DINGL_SS,N,N,N,29971.1265,29971.1265,3305.8398,29971.1265,29971.1265,
7/10/2024 6:00:00 AM,08DINGL_T1L1,N,N,N,29971.1265,29971.1265,3305.8398,29971.1265,29971.1265,
7/10/2024 6:00:00 AM,08DINGL_T1L2,N,N,N,29971.1265,29971.1265,3305.8398,29971.1265,29971.1265,
7/10/2024 6:00:00 AM,08DINGL_T1L3,N,N,N,29971.4882,29971.4882,3305.8398,29971.4882,29971.4882,
7/10/2024 6:00:00 AM,08DINGL_T1L4,N,N,N,29971.4882,29971.4882,3305.8398,29971.4882,29971.4882,
7/10/2024 6:00:00 AM,08DINGL_T2L1,N,N,N,29971.1265,29971.1265,3305.8398,29971.1265,29971.1265,
7/10/2024 6:00:00 AM,08DINGL_T2L2,N,N,N,29971.1265,29971.1265,3305.8398,29971.1265,29971.1265,
7/10/2024 6:00:00 AM,08GLOBAL_G01,N,N,N,30064.4502,30064.4502,3489.3063,30064.4502,30064.4502,
7/10/2024 6:00:00 AM,08NABASDPP_U01,N,N,N,30064.4502,30064.4502,3489.3063,30064.4502,30064.4502,
7/10/2024 6:00:00 AM,08NABASDPP_U02,N,N,N,30064.4502,30064.4502,3489.3063,30064.4502,30064.4502,
7/10/2024 6:00:00 AM,08NABAS_L01,N,N,N,30064.4502,30064.4502,3305.8398,30064.4502,30064.4502,
7/10/2024 6:00:00 AM,08NABAS_L02,N,N,N,30064.4502,30064.4502,3305.8398,30064.4502,30064.4502,
7/10/2024 6:00:00 AM,08NABAS_L03,N,N,N,30064.4502,30064.4502,3305.8398,30064.4502,30064.4502,
7/10/2024 6:00:00 AM,08NABAS_SS,N,N,N,30064.4502,30064.4502,3305.8398,30064.4502,30064.4502,
7/10/2024 6:00:00 AM,08PALM_G01,N,N,N,3617.1977,3617.1977,2737.60,3617.1977,3617.1977,
7/10/2024 6:00:00 AM,08PALM_S01,N,N,N,3678.3283,3678.3283,3305.8398,3678.3283,3678.3283,
7/10/2024 6:00:00 AM,08PANIT_SS,N,N,N,30017.7883,30017.7883,3305.8398,30017.7883,30017.7883,
7/10/2024 6:00:00 AM,08PANIT_T1L1,N,N,N,30017.4266,30017.4266,3305.8398,30017.4266,30017.4266,
7/10/2024 6:00:00 AM,08PANIT_T2L2,N,N,N,30017.4266,30017.4266,3305.8398,30017.4266,30017.4266,
7/10/2024 6:00:00 AM,08PDPP1_U02,N,N,N,29971.1265,29971.1265,3408.8625,29971.1265,29971.1265,
7/10/2024 6:00:00 AM,08PDPP1_U03,N,N,N,29971.1265,29971.1265,3408.8625,29971.1265,29971.1265,
7/10/2024 6:00:00 AM,08PDPP1_U05,N,N,N,29971.1265,29971.1265,3408.8625,29971.1265,29971.1265,
7/10/2024 6:00:00 AM,08PDPP3_C,N,N,N,29971.1265,29971.1265,4409.1775,29971.1265,29971.1265,
7/10/2024 6:00:00 AM,08PDPP3_E,N,N,N,29971.1265,29971.1265,3408.8625,29971.1265,29971.1265,
7/10/2024 6:00:00 AM,08PDPP3_G,N,N,N,29971.1265,29971.1265,4409.1775,29971.1265,29971.1265,
7/10/2024 6:00:00 AM,08PDPP3_H,N,N,N,29971.1265,29971.1265,3408.8625,29971.1265,29971.1265,
7/10/2024 6:00:00 AM,08PDPP3_S01,N,N,N,29971.1265,29971.1265,3305.8398,29971.1265,29971.1265,
7/10/2024 6:00:00 AM,08PEDC_SS1,N,N,N,29993.1914,29993.1914,3305.8398,29993.1914,29993.1914,
7/10/2024 6:00:00 AM,08PEDC_SS2,N,N,N,3617.1977,3617.1977,3305.8398,3617.1977,3617.1977,
7/10/2024 6:00:00 AM,08PEDC_SS3,N,N,N,29993.5531,29993.5531,3305.8398,29993.5531,29993.5531,
7/10/2024 6:00:00 AM,08PEDC_T1L1,N,N,N,29993.5531,29993.5531,3305.8398,29993.5531,29993.5531,
7/10/2024 6:00:00 AM,08PEDC_T1L2,N,N,N,29993.5531,29993.5531,3305.8398,29993.5531,29993.5531,
7/10/2024 6:00:00 AM,08PEDC_U01,N,N,N,29993.1914,29993.1914,3483.3788,29993.1914,29993.1914,
7/10/2024 6:00:00 AM,08PEDC_U02,N,N,N,3617.1977,3617.1977,3542.0974,3617.1977,3617.1977,
7/10/2024 6:00:00 AM,08PEDC_U03,N,N,N,3617.1977,3617.1977,3401.9607,3617.1977,3617.1977,
7/10/2024 6:00:00 AM,08PWIND_G01,N,N,N,30064.4502,30064.4502,3022.8731,30064.4502,30064.4502,
7/10/2024 6:00:00 AM,08PWIND_G02,N,N,N,30064.4502,30064.4502,3032.2948,30064.4502,30064.4502,
7/10/2024 6:00:00 AM,08SLWIND_G01,N,N,N,30074.9401,30074.9401,3012.2225,30074.9401,30074.9401,
7/10/2024 6:00:00 AM,08SLWIND_L01,N,N,N,30074.9401,30074.9401,3305.8398,30074.9401,30074.9401,
7/10/2024 6:00:00 AM,08SNJOSE_L01,N,N,N,30015.2563,30015.2563,3305.8398,30015.2563,30015.2563,
7/10/2024 6:00:00 AM,08SNJOSE_L02,N,N,N,30015.2563,30015.2563,3305.8398,30015.2563,30015.2563,
7/10/2024 6:00:00 AM,08SNJOSE_L03,N,N,N,30015.2563,30015.2563,3305.8398,30015.2563,30015.2563,
7/10/2024 6:00:00 AM,08STBAR_SS1,N,N,N,29995,29995,3305.8398,29995,29995,
7/10/2024 6:00:00 AM,08STBAR_SS2,N,N,N,29995,29995,3305.8398,29995,29995,
7/10/2024 6:00:00 AM,08STBAR_SS3,N,N,N,29994.6383,29994.6383,3305.8398,29994.6383,29994.6383,
7/10/2024 6:00:00 AM,08STBAR_T1L1,N,N,N,29995,29995,3305.8398,29995,29995,
7/10/2024 6:00:00 AM,08STBAR_T2L2,N,N,N,29994.6383,29994.6383,3305.8398,29994.6383,29994.6383,
7/10/2024 6:00:00 AM,08STBPB1_U01,N,N,N,29995,29995,3414.9831,29995,29995,
7/10/2024 6:00:00 AM,08STBPB1_U02,N,N,N,29995,29995,3414.9831,29995,29995,
7/10/2024 6:00:00 AM,08STBPB1_U03,N,N,N,29995,29995,3414.9831,29995,29995,
7/10/2024 6:00:00 AM,08STBPB1_U04,N,N,N,29995,29995,3414.9831,29995,29995,
7/10/2024 6:00:00 AM,08SUWECO_G01,N,N,N,29994.6383,29994.6383,3274.0016,29994.6383,29994.6383,
7/10/2024 6:00:00 AM,08TIMBA_G01,N,N,N,30064.4502,30064.4502,3348.3054,30064.4502,30064.4502,
7/10/2024 6:00:00 AM,09AURORA_SS,N,N,N,3664.9864,3664.9864,3568.4687,3664.9864,3664.9864,
7/10/2024 6:00:00 AM,09CLB_T1L1,N,N,N,3666.7338,3666.7338,3568.4687,3666.7338,3666.7338,
7/10/2024 6:00:00 AM,09JIMDSL_U01,N,N,N,3666.7338,3666.7338,2778.0377,3666.7338,3666.7338,
7/10/2024 6:00:00 AM,09JIMDSL_U02,N,N,N,3666.7338,3666.7338,2778.0377,3666.7338,3666.7338,
7/10/2024 6:00:00 AM,09KAP_T1L1,N,N,N,3666.7338,3666.7338,3568.4687,3666.7338,3666.7338,
7/10/2024 6:00:00 AM,09LALA_SS,N,N,N,3583.5577,3583.5577,3568.4687,3583.5577,3583.5577,
7/10/2024 6:00:00 AM,09LIBPOWR_G01,N,N,N,3494.7901,3494.7901,2645.3834,3494.7901,3494.7901,
7/10/2024 6:00:00 AM,09MHY_T1L1,N,N,N,3666.7338,3666.7338,3568.4687,3666.7338,3666.7338,
7/10/2024 6:00:00 AM,09MLS_T1L1,N,N,N,3955.0539,3955.0539,3568.4687,3955.0539,3955.0539,
7/10/2024 6:00:00 AM,09NAGA_SS,N,N,N,3954.3550,3954.3550,3568.4687,3954.3550,3954.3550,
7/10/2024 6:00:00 AM,09PANABNK_U01,N,N,N,3666.7338,3666.7338,2778.0377,3666.7338,3666.7338,
7/10/2024 6:00:00 AM,09PANABNK_U02,N,N,N,3666.7338,3666.7338,2778.0377,3666.7338,3666.7338,
7/10/2024 6:00:00 AM,09PITOGO_SS,N,N,N,4165.7898,4165.7898,3568.4687,4165.7898,4165.7898,
7/10/2024 6:00:00 AM,09POLAN_SS,N,N,N,3713.2145,3713.2145,3568.4687,3713.2145,3713.2145,
7/10/2024 6:00:00 AM,09RXS_T2L1,N,N,N,3713.9134,3713.9134,3568.4687,3713.9134,3713.9134,
7/10/2024 6:00:00 AM,09SANGALI_BAT,N,N,N,4137.1325,4137.1325,3122.5718,4137.1325,4137.1325,
7/10/2024 6:00:00 AM,09SJG_T1L1,N,N,N,4165.0908,4165.0908,3568.4687,4165.0908,4165.0908,
7/10/2024 6:00:00 AM,09SML_T1L1,N,N,N,3666.7338,3666.7338,3568.4687,3666.7338,3666.7338,
7/10/2024 6:00:00 AM,09SRW_T1L1,N,N,N,3955.0539,3955.0539,3568.4687,3955.0539,3955.0539,
7/10/2024 6:00:00 AM,09TMG_T1L1,N,N,N,4165.0908,4165.0908,3568.4687,4165.0908,4165.0908,
7/10/2024 6:00:00 AM,09TMG_T2L1,N,N,N,4137.1325,4137.1325,3568.4687,4137.1325,4137.1325,
7/10/2024 6:00:00 AM,09TUL_T1L1,N,N,N,4165.0908,4165.0908,3568.4687,4165.0908,4165.0908,
7/10/2024 6:00:00 AM,09WMPC_S01,N,N,N,4137.1325,4137.1325,3568.4687,4137.1325,4137.1325,
7/10/2024 6:00:00 AM,09WMPC_U01,N,N,N,4137.1325,4137.1325,3122.5718,4137.1325,4137.1325,
7/10/2024 6:00:00 AM,09WMPC_U02,N,N,N,4137.1325,4137.1325,3122.5718,4137.1325,4137.1325,
7/10/2024 6:00:00 AM,09WMPC_U03,N,N,N,4137.1325,4137.1325,3122.5718,4137.1325,4137.1325,
7/10/2024 6:00:00 AM,09WMPC_U04,N,N,N,4137.1325,4137.1325,3122.5718,4137.1325,4137.1325,
7/10/2024 6:00:00 AM,09WMPC_U05,N,N,N,4137.1325,4137.1325,3122.5718,4137.1325,4137.1325,
7/10/2024 6:00:00 AM,09WMPC_U06,N,N,N,4137.1325,4137.1325,3122.5718,4137.1325,4137.1325,
7/10/2024 6:00:00 AM,09WMPC_U07,N,N,N,4137.1325,4137.1325,3122.5718,4137.1325,4137.1325,
7/10/2024 6:00:00 AM,09WMPC_U08,N,N,N,4137.1325,4137.1325,3122.5718,4137.1325,4137.1325,
7/10/2024 6:00:00 AM,09WMPC_U09,N,N,N,4137.1325,4137.1325,3122.5718,4137.1325,4137.1325,
7/10/2024 6:00:00 AM,09WMPC_U10,N,N,N,4137.1325,4137.1325,3122.5718,4137.1325,4137.1325,
7/10/2024 6:00:00 AM,09ZAMBO_SS,N,N,N,4137.1325,4137.1325,3568.4687,4137.1325,4137.1325,
7/10/2024 6:00:00 AM,09ZAMSAN_L01,N,N,N,4137.1325,4137.1325,3568.4687,4137.1325,4137.1325,
7/10/2024 6:00:00 AM,10AG6_T2L1,N,N,N,3513.6619,3513.6619,3568.4687,3513.6619,3513.6619,
7/10/2024 6:00:00 AM,10AGUS1_SS,N,N,N,3485.0047,3485.0047,3568.4687,3485.0047,3485.0047,
7/10/2024 6:00:00 AM,10AGUS1_U01,N,N,N,3485.0047,3485.0047,2692.5422,3485.0047,3485.0047,
7/10/2024 6:00:00 AM,10AGUS1_U02,N,N,N,3485.0047,3485.0047,2654.2633,3485.0047,3485.0047,
7/10/2024 6:00:00 AM,10AGUS2_SS,N,N,N,3488.4995,3488.4995,3568.4687,3488.4995,3488.4995,
7/10/2024 6:00:00 AM,10AGUS2_U01,N,N,N,3488.4995,3488.4995,2914.8972,3488.4995,3488.4995,
7/10/2024 6:00:00 AM,10AGUS2_U02,N,N,N,3494.7901,3494.7901,2395.2906,3494.7901,3494.7901,
7/10/2024 6:00:00 AM,10AGUS2_U03,N,N,N,3488.4995,3488.4995,2676.9804,3488.4995,3488.4995,
7/10/2024 6:00:00 AM,10AGUS4_SS,N,N,N,3513.6619,3513.6619,3568.4687,3513.6619,3513.6619,
7/10/2024 6:00:00 AM,10AGUS4_U01,N,N,N,3494.7901,3494.7901,1979.7980,3494.7901,3494.7901,
7/10/2024 6:00:00 AM,10AGUS4_U02,N,N,N,3513.6619,3513.6619,1979.7980,3513.6619,3513.6619,
7/10/2024 6:00:00 AM,10AGUS4_U03,N,N,N,3513.6619,3513.6619,1979.7980,3513.6619,3513.6619,
7/10/2024 6:00:00 AM,10AGUS5_SS,N,N,N,3514.3609,3514.3609,3568.4687,3514.3609,3514.3609,
7/10/2024 6:00:00 AM,10AGUS5_U01,N,N,N,3514.0114,3514.0114,2657.3082,3514.0114,3514.0114,
7/10/2024 6:00:00 AM,10AGUS5_U02,N,N,N,3514.3609,3514.3609,2695.3567,3514.3609,3514.3609,
7/10/2024 6:00:00 AM,10AGUS6_SS,N,N,N,3508.0703,3508.0703,3568.4687,3508.0703,3508.0703,
7/10/2024 6:00:00 AM,10AGUS6_U01,N,N,N,3507.7208,3507.7208,2664.5933,3507.7208,3507.7208,
7/10/2024 6:00:00 AM,10AGUS6_U02,N,N,N,3507.7208,3507.7208,2690.5441,3507.7208,3507.7208,
7/10/2024 6:00:00 AM,10AGUS6_U03,N,N,N,3507.7208,3507.7208,2661.8728,3507.7208,3507.7208,
7/10/2024 6:00:00 AM,10AGUS6_U04,N,N,N,3507.7208,3507.7208,2658.9174,3507.7208,3507.7208,
7/10/2024 6:00:00 AM,10AGUS6_U05,N,N,N,3508.0703,3508.0703,2682.0746,3508.0703,3508.0703,
7/10/2024 6:00:00 AM,10AGUS7_U01,N,N,N,3508.0703,3508.0703,2519.4287,3508.0703,3508.0703,
7/10/2024 6:00:00 AM,10AGUS7_U02,N,N,N,3508.0703,3508.0703,2730.5810,3508.0703,3508.0703,
7/10/2024 6:00:00 AM,10BALOI_L01,N,N,N,3507.7208,3507.7208,3568.4687,3507.7208,3507.7208,
7/10/2024 6:00:00 AM,10BALOI_SS,N,N,N,3523.7968,3523.7968,3568.4687,3523.7968,3523.7968,
7/10/2024 6:00:00 AM,10BUR_T1L1,N,N,N,3507.7208,3507.7208,3568.4687,3507.7208,3507.7208,
7/10/2024 6:00:00 AM,10BUR_T1L2,N,N,N,3507.7208,3507.7208,3568.4687,3507.7208,3507.7208,
7/10/2024 6:00:00 AM,10GNPK_U01,N,N,N,3529.7380,3529.7380,2673.8366,3529.7380,3529.7380,
7/10/2024 6:00:00 AM,10GNPK_U02,N,N,N,3529.7380,3529.7380,2675.4471,3529.7380,3529.7380,
7/10/2024 6:00:00 AM,10GNPK_U03,N,N,N,3529.7380,3529.7380,2677.0951,3529.7380,3529.7380,
7/10/2024 6:00:00 AM,10GNPK_U04,N,N,N,3529.7380,3529.7380,2674.82,3529.7380,3529.7380,
7/10/2024 6:00:00 AM,10IDPP_G01,N,N,N,3532.8833,3532.8833,2676.6909,3532.8833,3532.8833,
7/10/2024 6:00:00 AM,10IDPP_SS,N,N,N,3532.8833,3532.8833,3568.4687,3532.8833,3532.8833,
7/10/2024 6:00:00 AM,10KAUSWGN_SS,N,N,N,3530.0875,3530.0875,3568.4687,3530.0875,3530.0875,
7/10/2024 6:00:00 AM,10KAU_T1L1,N,N,N,3507.7208,3507.7208,3568.4687,3507.7208,3507.7208,
7/10/2024 6:00:00 AM,10KIW_T1L1,N,N,N,3507.7208,3507.7208,3568.4687,3507.7208,3507.7208,
7/10/2024 6:00:00 AM,10KIW_T2L1,N,N,N,3533.2328,3533.2328,3568.4687,3533.2328,3533.2328,
7/10/2024 6:00:00 AM,10LGAIT_SS,N,N,N,3532.8833,3532.8833,3568.4687,3532.8833,3532.8833,
7/10/2024 6:00:00 AM,10LIAN_G01,N,N,N,3507.7208,3507.7208,2931.3881,3507.7208,3507.7208,
7/10/2024 6:00:00 AM,10MCN_T1L1,N,N,N,3513.6619,3513.6619,3568.4687,3513.6619,3513.6619,
7/10/2024 6:00:00 AM,10MCR_T1L1,N,N,N,3513.6619,3513.6619,3568.4687,3513.6619,3513.6619,
7/10/2024 6:00:00 AM,10MCT_T1L1,N,N,N,3507.7208,3507.7208,3568.4687,3507.7208,3507.7208,
7/10/2024 6:00:00 AM,10MEGC_G01,N,N,N,3507.7208,3507.7208,2658.9574,3507.7208,3507.7208,
7/10/2024 6:00:00 AM,10MLN_T1L1,N,N,N,3485.3541,3485.3541,3568.4687,3485.3541,3485.3541,
7/10/2024 6:00:00 AM,10MPL_T1L1,N,N,N,3507.7208,3507.7208,3568.4687,3507.7208,3507.7208,
7/10/2024 6:00:00 AM,10MRW_T1L1,N,N,N,3485.3541,3485.3541,3568.4687,3485.3541,3485.3541,
7/10/2024 6:00:00 AM,10MRW_T2L1,N,N,N,3513.6619,3513.6619,3568.4687,3513.6619,3513.6619,
7/10/2024 6:00:00 AM,10NUN_T1L2,N,N,N,3507.7208,3507.7208,3568.4687,3507.7208,3507.7208,
7/10/2024 6:00:00 AM,10OPO_T1L1,N,N,N,3533.2328,3533.2328,3568.4687,3533.2328,3533.2328,
7/10/2024 6:00:00 AM,10PAT_T1L1,N,N,N,3533.2328,3533.2328,3568.4687,3533.2328,3533.2328,
7/10/2024 6:00:00 AM,10PGW_T1L1,N,N,N,3533.2328,3533.2328,3568.4687,3533.2328,3533.2328,
7/10/2024 6:00:00 AM,10PLT_T1L1,N,N,N,3532.8833,3532.8833,3568.4687,3532.8833,3532.8833,
7/10/2024 6:00:00 AM,10PLT_T2L1,N,N,N,3533.2328,3533.2328,3568.4687,3533.2328,3533.2328,
7/10/2024 6:00:00 AM,10PPEI_U01,N,N,N,3507.7208,3507.7208,2671.4923,3507.7208,3507.7208,
7/10/2024 6:00:00 AM,10SRZ_T1L1,N,N,N,3513.6619,3513.6619,3568.4687,3513.6619,3513.6619,
7/10/2024 6:00:00 AM,11CDO_T1L1,N,N,N,3540.5718,3540.5718,3568.4687,3540.5718,3540.5718,
7/10/2024 6:00:00 AM,11FDC_SS,N,N,N,3471.3750,3471.3750,3568.4687,3471.3750,3471.3750,
7/10/2024 6:00:00 AM,11FDC_U01,N,N,N,3471.0255,3471.0255,2689.6902,3471.0255,3471.0255,
7/10/2024 6:00:00 AM,11FDC_U02,N,N,N,3471.0255,3471.0255,2656.8179,3471.0255,3471.0255,
7/10/2024 6:00:00 AM,11FDC_U03,N,N,N,3471.0255,3471.0255,2632.2777,3471.0255,3471.0255,
7/10/2024 6:00:00 AM,11FGBPC_G01,N,N,N,3498.6343,3498.6343,2663.3902,3498.6343,3498.6343,
7/10/2024 6:00:00 AM,11JASAAN_SS,N,N,N,3505.6239,3505.6239,3568.4687,3505.6239,3505.6239,
7/10/2024 6:00:00 AM,11JASA_BAT,N,N,N,3498.6343,3498.6343,2649.5203,3498.6343,3498.6343,
7/10/2024 6:00:00 AM,11KBSOL_G01,N,N,N,3504.5755,3504.5755,2829.9946,3504.5755,3504.5755,
7/10/2024 6:00:00 AM,11KEGMAR_G01,N,N,N,3485.3541,3485.3541,2584.5774,3485.3541,3485.3541,
7/10/2024 6:00:00 AM,11KIBAWE_SS,N,N,N,3504.5755,3504.5755,3568.4687,3504.5755,3504.5755,
7/10/2024 6:00:00 AM,11KIB_T1L1,N,N,N,3485.3541,3485.3541,3568.4687,3485.3541,3485.3541,
7/10/2024 6:00:00 AM,11KIB_T1L2,N,N,N,3485.3541,3485.3541,3568.4687,3485.3541,3485.3541,
7/10/2024 6:00:00 AM,11KIRAS_G01,N,N,N,3498.6343,3498.6343,2315.7330,3498.6343,3498.6343,
7/10/2024 6:00:00 AM,11KNG_T1L1,N,N,N,3498.6343,3498.6343,3568.4687,3498.6343,3498.6343,
7/10/2024 6:00:00 AM,11LBA_T1L1,N,N,N,3505.6239,3505.6239,3568.4687,3505.6239,3505.6239,
7/10/2024 6:00:00 AM,11LUN_T1L1,N,N,N,3498.6343,3498.6343,3568.4687,3498.6343,3498.6343,
7/10/2024 6:00:00 AM,11MAN1_S01,N,N,N,3477.6656,3477.6656,3568.4687,3477.6656,3477.6656,
7/10/2024 6:00:00 AM,11MAN2_S01,N,N,N,3477.6656,3477.6656,3568.4687,3477.6656,3477.6656,
7/10/2024 6:00:00 AM,11MANFOR_G01,N,N,N,3477.6656,3477.6656,2675.6933,3477.6656,3477.6656,
7/10/2024 6:00:00 AM,11MANFOR_G02,N,N,N,3477.6656,3477.6656,2704.1658,3477.6656,3477.6656,
7/10/2024 6:00:00 AM,11MANOLO_SS,N,N,N,3477.6656,3477.6656,3568.4687,3477.6656,3477.6656,
7/10/2024 6:00:00 AM,11MARAM_SS,N,N,N,3503.1776,3503.1776,3568.4687,3503.1776,3503.1776,
7/10/2024 6:00:00 AM,11MINBAL_G01,N,N,N,3498.6343,3498.6343,2639.0168,3498.6343,3498.6343,
7/10/2024 6:00:00 AM,11MINBU_G01,N,N,N,3498.6343,3498.6343,2607.0730,3498.6343,3498.6343,
7/10/2024 6:00:00 AM,11MLY_T1L1,N,N,N,3485.3541,3485.3541,3568.4687,3485.3541,3485.3541,
7/10/2024 6:00:00 AM,11MNCBLG_G01,N,N,N,3498.6343,3498.6343,2722.7383,3498.6343,3498.6343,
7/10/2024 6:00:00 AM,11MNRGY_G01,N,N,N,3498.6343,3498.6343,2649.5390,3498.6343,3498.6343,
7/10/2024 6:00:00 AM,11MNRGY_G02,N,N,N,3498.6343,3498.6343,2649.5390,3498.6343,3498.6343,
7/10/2024 6:00:00 AM,11MOR_T1L1,N,N,N,3540.5718,3540.5718,3568.4687,3540.5718,3540.5718,
7/10/2024 6:00:00 AM,11NAT_T1L1,N,N,N,3498.6343,3498.6343,3568.4687,3498.6343,3498.6343,
7/10/2024 6:00:00 AM,11NAT_T2L1,N,N,N,3498.6343,3498.6343,3568.4687,3498.6343,3498.6343,
7/10/2024 6:00:00 AM,11NBPC_G01,N,N,N,3485.3541,3485.3541,2667.8962,3485.3541,3485.3541,
7/10/2024 6:00:00 AM,11OPOL_SS,N,N,N,3540.2223,3540.2223,3568.4687,3540.2223,3540.2223,
7/10/2024 6:00:00 AM,11OPO_T1L1,N,N,N,3540.5718,3540.5718,3568.4687,3540.5718,3540.5718,
7/10/2024 6:00:00 AM,11PACERM_G01,N,N,N,3540.5718,3540.5718,2681.4945,3540.5718,3540.5718,
7/10/2024 6:00:00 AM,11PAL_T1L1,N,N,N,3504.5755,3504.5755,3568.4687,3504.5755,3504.5755,
7/10/2024 6:00:00 AM,11PG4_T1L1,N,N,N,3485.3541,3485.3541,3568.4687,3485.3541,3485.3541,
7/10/2024 6:00:00 AM,11PKBUK_G01,N,N,N,3498.6343,3498.6343,2649.5390,3498.6343,3498.6343,
7/10/2024 6:00:00 AM,11PULA4_U01,N,N,N,3485.3541,3485.3541,2755.6510,3485.3541,3485.3541,
7/10/2024 6:00:00 AM,11PULA4_U02,N,N,N,3494.7901,3494.7901,2645.3834,3494.7901,3494.7901,
7/10/2024 6:00:00 AM,11PULA4_U03,N,N,N,3485.3541,3485.3541,2672.6380,3485.3541,3485.3541,
7/10/2024 6:00:00 AM,11SME_T1L1,N,N,N,3494.7901,3494.7901,3568.4687,3494.7901,3494.7901,
7/10/2024 6:00:00 AM,11SMH_T1L1,N,N,N,3494.7901,3494.7901,3568.4687,3494.7901,3494.7901,
7/10/2024 6:00:00 AM,11STEAG_U01,N,N,N,3494.7901,3494.7901,2568.4002,3494.7901,3494.7901,
7/10/2024 6:00:00 AM,11STEAG_U02,N,N,N,3494.7901,3494.7901,2696.9486,3494.7901,3494.7901,
7/10/2024 6:00:00 AM,11TAGOL_SS,N,N,N,3494.7901,3494.7901,3568.4687,3494.7901,3494.7901,
7/10/2024 6:00:00 AM,11VILLA_BAT,N,N,N,3490.5963,3490.5963,2645.44,3490.5963,3490.5963,
7/10/2024 6:00:00 AM,11VILLA_L01,N,N,N,3490.5963,3490.5963,3568.4687,3490.5963,3490.5963,
7/10/2024 6:00:00 AM,11VILLA_SS,N,N,N,3497.2364,3497.2364,3568.4687,3497.2364,3497.2364,
7/10/2024 6:00:00 AM,12ALE_T1L1,N,N,N,3795.3420,3795.3420,3568.4687,3795.3420,3795.3420,
7/10/2024 6:00:00 AM,12ASIGA_G01,N,N,N,3717.0587,3717.0587,2826.2060,3717.0587,3717.0587,
7/10/2024 6:00:00 AM,12BAG_T1L1,N,N,N,3755.1519,3755.1519,3568.4687,3755.1519,3755.1519,
7/10/2024 6:00:00 AM,12BISLIG_SS,N,N,N,3755.1519,3755.1519,3568.4687,3755.1519,3755.1519,
7/10/2024 6:00:00 AM,12BUTUAN_SS,N,N,N,3717.0587,3717.0587,3568.4687,3717.0587,3717.0587,
7/10/2024 6:00:00 AM,12BUT_T2L1,N,N,N,3685.2561,3685.2561,3568.4687,3685.2561,3685.2561,
7/10/2024 6:00:00 AM,12BYG_T1L1,N,N,N,3717.0587,3717.0587,3568.4687,3717.0587,3717.0587,
7/10/2024 6:00:00 AM,12KEGGIN_G01,N,N,N,3685.2561,3685.2561,2797.3610,3685.2561,3685.2561,
7/10/2024 6:00:00 AM,12KEGTAN_G01,N,N,N,3795.3420,3795.3420,2891.5321,3795.3420,3795.3420,
7/10/2024 6:00:00 AM,12LKMAINIT_G01,N,N,N,3717.0587,3717.0587,2850.1049,3717.0587,3717.0587,
7/10/2024 6:00:00 AM,12LMO_T1L1,N,N,N,3717.0587,3717.0587,3568.4687,3717.0587,3717.0587,
7/10/2024 6:00:00 AM,12MAD_T1L1,N,N,N,3769.4806,3769.4806,3568.4687,3769.4806,3769.4806,
7/10/2024 6:00:00 AM,12NACSUR_G01,N,N,N,3769.4806,3769.4806,2867.0220,3769.4806,3769.4806,
7/10/2024 6:00:00 AM,12NASIP_SS,N,N,N,3685.2561,3685.2561,3568.4687,3685.2561,3685.2561,
7/10/2024 6:00:00 AM,12NAS_T1L1,N,N,N,3717.0587,3717.0587,3568.4687,3717.0587,3717.0587,
7/10/2024 6:00:00 AM,12PBA_T1L1,N,N,N,3755.1519,3755.1519,3568.4687,3755.1519,3755.1519,
7/10/2024 6:00:00 AM,12PKSFRA_U01,N,N,N,3795.3420,3795.3420,2891.5321,3795.3420,3795.3420,
7/10/2024 6:00:00 AM,12PKSFRA_U02,N,N,N,3795.3420,3795.3420,2891.5321,3795.3420,3795.3420,
7/10/2024 6:00:00 AM,12PLACER_SS,N,N,N,3769.8301,3769.8301,3568.4687,3769.8301,3769.8301,
7/10/2024 6:00:00 AM,12SFRAN_SS,N,N,N,3795.3420,3795.3420,3568.4687,3795.3420,3795.3420,
7/10/2024 6:00:00 AM,12SLU_T1L1,N,N,N,3685.2561,3685.2561,3568.4687,3685.2561,3685.2561,
7/10/2024 6:00:00 AM,12SNT_T1L1,N,N,N,3717.0587,3717.0587,3568.4687,3717.0587,3717.0587,
7/10/2024 6:00:00 AM,12STCRUZ_L01,N,N,N,3769.4806,3769.4806,3568.4687,3769.4806,3769.4806,
7/10/2024 6:00:00 AM,12SUR_T1L1,N,N,N,3769.4806,3769.4806,3568.4687,3769.4806,3769.4806,
7/10/2024 6:00:00 AM,12TBD_T1L1,N,N,N,3494.7901,3494.7901,3568.4687,3494.7901,3494.7901,
7/10/2024 6:00:00 AM,12TBO_T1L1,N,N,N,3755.1519,3755.1519,3568.4687,3755.1519,3755.1519,
7/10/2024 6:00:00 AM,12TDG_T1L1,N,N,N,3795.3420,3795.3420,3568.4687,3795.3420,3795.3420,
7/10/2024 6:00:00 AM,12THERMA2_SS,N,N,N,3685.2561,3685.2561,3568.4687,3685.2561,3685.2561,
7/10/2024 6:00:00 AM,12TM2_U01,N,N,N,3685.2561,3685.2561,2797.2840,3685.2561,3685.2561,
7/10/2024 6:00:00 AM,12TM2_U02,N,N,N,3685.2561,3685.2561,2797.2840,3685.2561,3685.2561,
7/10/2024 6:00:00 AM,12TRE_T1L1,N,N,N,3755.1519,3755.1519,3568.4687,3755.1519,3755.1519,
7/10/2024 6:00:00 AM,13ASU_T1L1,N,N,N,3654.1525,3654.1525,3568.4687,3654.1525,3654.1525,
7/10/2024 6:00:00 AM,13BAJ_T1L1,N,N,N,3521.70,3521.70,3568.4687,3521.70,3521.70,
7/10/2024 6:00:00 AM,13BNS_T1L1,N,N,N,3473.8213,3473.8213,3568.4687,3473.8213,3473.8213,
7/10/2024 6:00:00 AM,13BNY_T1L1,N,N,N,3630.0385,3630.0385,3568.4687,3630.0385,3630.0385,
7/10/2024 6:00:00 AM,13BUNAW_SS,N,N,N,3505.2744,3505.2744,3568.4687,3505.2744,3505.2744,
7/10/2024 6:00:00 AM,13CULAMAN_SS,N,N,N,3397.9844,3397.9844,3568.4687,3397.9844,3397.9844,
7/10/2024 6:00:00 AM,13DAVAO_SS,N,N,N,3521.70,3521.70,3568.4687,3521.70,3521.70,
7/10/2024 6:00:00 AM,13DAV_T1L1,N,N,N,3471.0255,3471.0255,3568.4687,3471.0255,3471.0255,
7/10/2024 6:00:00 AM,13DCPP_U01,N,N,N,3470.6760,3470.6760,2744.1144,3470.6760,3470.6760,
7/10/2024 6:00:00 AM,13DCPP_U02,N,N,N,3470.6760,3470.6760,2743.1490,3470.6760,3470.6760,
7/10/2024 6:00:00 AM,13DIGSOL_G01,N,N,N,3473.8213,3473.8213,2649.5328,3473.8213,3473.8213,
7/10/2024 6:00:00 AM,13DIG_T1L1,N,N,N,3521.70,3521.70,3568.4687,3521.70,3521.70,
7/10/2024 6:00:00 AM,13DIG_T2L1,N,N,N,3473.8213,3473.8213,3568.4687,3473.8213,3473.8213,
7/10/2024 6:00:00 AM,13DIG_T3L1,N,N,N,3471.0255,3471.0255,3568.4687,3471.0255,3471.0255,
7/10/2024 6:00:00 AM,13DLP_T1L1,N,N,N,3521.70,3521.70,3568.4687,3521.70,3521.70,
7/10/2024 6:00:00 AM,13DLP_T1L2,N,N,N,3521.70,3521.70,3568.4687,3521.70,3521.70,
7/10/2024 6:00:00 AM,13DLP_T1L3,N,N,N,3521.70,3521.70,3568.4687,3521.70,3521.70,
7/10/2024 6:00:00 AM,13DLP_T2L1,N,N,N,3526.5927,3526.5927,3568.4687,3526.5927,3526.5927,
7/10/2024 6:00:00 AM,13DRA_T1L1,N,N,N,3526.2432,3526.2432,3568.4687,3526.2432,3526.2432,
7/10/2024 6:00:00 AM,13DRA_T1L2,N,N,N,3526.2432,3526.2432,3568.4687,3526.2432,3526.2432,
7/10/2024 6:00:00 AM,13DSP_T1L1,N,N,N,3473.8213,3473.8213,3568.4687,3473.8213,3473.8213,
7/10/2024 6:00:00 AM,13DSR_T1L1,N,N,N,3398.3339,3398.3339,3568.4687,3398.3339,3398.3339,
7/10/2024 6:00:00 AM,13EUROH_G01,N,N,N,3654.1525,3654.1525,2877.5237,3654.1525,3654.1525,
7/10/2024 6:00:00 AM,13MACO_BAT,N,N,N,3630.0385,3630.0385,2897.1544,3630.0385,3630.0385,
7/10/2024 6:00:00 AM,13MACO_SS,N,N,N,3630.0385,3630.0385,3568.4687,3630.0385,3630.0385,
7/10/2024 6:00:00 AM,13MAGDBNK_G01,N,N,N,3630.0385,3630.0385,2784.3120,3630.0385,3630.0385,
7/10/2024 6:00:00 AM,13MAGDBNK_U01,N,N,N,3630.0385,3630.0385,2784.3120,3630.0385,3630.0385,
7/10/2024 6:00:00 AM,13MAGDBNK_U02,N,N,N,3630.0385,3630.0385,2784.3120,3630.0385,3630.0385,
7/10/2024 6:00:00 AM,13MAGDBNK_U03,N,N,N,3630.0385,3630.0385,2999.6781,3630.0385,3630.0385,
7/10/2024 6:00:00 AM,13MALITA_BAT,N,N,N,3398.3339,3398.3339,2601.9508,3398.3339,3398.3339,
7/10/2024 6:00:00 AM,13MATAN_SS,N,N,N,3419.3026,3419.3026,3568.4687,3419.3026,3419.3026,
7/10/2024 6:00:00 AM,13MATIBNK_G01,N,N,N,3494.7901,3494.7901,2645.3834,3494.7901,3494.7901,
7/10/2024 6:00:00 AM,13MON_T1L1,N,N,N,3654.1525,3654.1525,3568.4687,3654.1525,3654.1525,
7/10/2024 6:00:00 AM,13MPCDIG_G01,N,N,N,3473.8213,3473.8213,2695.5831,3473.8213,3473.8213,
7/10/2024 6:00:00 AM,13MSR_T1L1,N,N,N,3654.1525,3654.1525,3568.4687,3654.1525,3654.1525,
7/10/2024 6:00:00 AM,13NABUN_SS,N,N,N,3654.1525,3654.1525,3568.4687,3654.1525,3654.1525,
7/10/2024 6:00:00 AM,13PMA_T1L1,N,N,N,3473.8213,3473.8213,3568.4687,3473.8213,3473.8213,
7/10/2024 6:00:00 AM,13SIBULAN_G01,N,N,N,3521.70,3521.70,2729.5715,3521.70,3521.70,
7/10/2024 6:00:00 AM,13SMC_U01,N,N,N,3394.8391,3394.8391,2633.5834,3394.8391,3394.8391,
7/10/2024 6:00:00 AM,13SMC_U02,N,N,N,3494.7901,3494.7901,2646.8986,3494.7901,3494.7901,
7/10/2024 6:00:00 AM,13TALOM1_G01,N,N,N,3521.70,3521.70,2583.9156,3521.70,3521.70,
7/10/2024 6:00:00 AM,13TALOM23_G01,N,N,N,3521.70,3521.70,2699.8245,3521.70,3521.70,
7/10/2024 6:00:00 AM,13TGM_T1L1,N,N,N,3630.0385,3630.0385,3568.4687,3630.0385,3630.0385,
7/10/2024 6:00:00 AM,13THERMA1_SS,N,N,N,3630.0385,3630.0385,3568.4687,3630.0385,3630.0385,
7/10/2024 6:00:00 AM,13TM1_U01,N,N,N,3630.0385,3630.0385,2784.3120,3630.0385,3630.0385,
7/10/2024 6:00:00 AM,13TM1_U02,N,N,N,3630.0385,3630.0385,2784.3120,3630.0385,3630.0385,
7/10/2024 6:00:00 AM,13TORIL_SS,N,N,N,3498.9838,3498.9838,3568.4687,3498.9838,3498.9838,
7/10/2024 6:00:00 AM,13TUDAY2_G01,N,N,N,3521.70,3521.70,2696.6274,3521.70,3521.70,
7/10/2024 6:00:00 AM,14ALMADA_G01,N,N,N,3700.6332,3700.6332,2800.9836,3700.6332,3700.6332,
7/10/2024 6:00:00 AM,14ASTROSOL_G01,N,N,N,3500.3817,3500.3817,2698.0930,3500.3817,3500.3817,
7/10/2024 6:00:00 AM,14BGN_T1L1,N,N,N,3430.1365,3430.1365,3568.4687,3430.1365,3430.1365,
7/10/2024 6:00:00 AM,14BGN_T2L1,N,N,N,3573.7723,3573.7723,3568.4687,3573.7723,3573.7723,
7/10/2024 6:00:00 AM,14BIOGS_G01,N,N,N,3573.7723,3573.7723,2903.5241,3573.7723,3573.7723,
7/10/2024 6:00:00 AM,14BIOMS_U01,N,N,N,3573.7723,3573.7723,2611.4781,3573.7723,3573.7723,
7/10/2024 6:00:00 AM,14COTSUGR_G01,N,N,N,3430.1365,3430.1365,2660.6452,3430.1365,3430.1365,
7/10/2024 6:00:00 AM,14DSA_T1L1,N,N,N,3700.6332,3700.6332,3568.4687,3700.6332,3700.6332,
7/10/2024 6:00:00 AM,14DSA_T2L1,N,N,N,3573.7723,3573.7723,3568.4687,3573.7723,3573.7723,
7/10/2024 6:00:00 AM,14GENSAN_SS,N,N,N,3500.7312,3500.7312,3568.4687,3500.7312,3500.7312,
7/10/2024 6:00:00 AM,14GERBIO_G01,N,N,N,3573.7723,3573.7723,2797.9862,3573.7723,3573.7723,
7/10/2024 6:00:00 AM,14GLA_T1L1,N,N,N,3500.3817,3500.3817,3568.4687,3500.3817,3500.3817,
7/10/2024 6:00:00 AM,14KAMANGA_SS,N,N,N,3428.0396,3428.0396,3568.4687,3428.0396,3428.0396,
7/10/2024 6:00:00 AM,14KAM_L03,N,N,N,3500.3817,3500.3817,3568.4687,3500.3817,3500.3817,
7/10/2024 6:00:00 AM,14KIDAP_SS,N,N,N,3428.3891,3428.3891,3568.4687,3428.3891,3428.3891,
7/10/2024 6:00:00 AM,14KLN_T1L1,N,N,N,3573.7723,3573.7723,3568.4687,3573.7723,3573.7723,
7/10/2024 6:00:00 AM,14LAMSAN_G01,N,N,N,3700.6332,3700.6332,2790.8129,3700.6332,3700.6332,
7/10/2024 6:00:00 AM,14LLE_T1L1,N,N,N,3500.3817,3500.3817,3568.4687,3500.3817,3500.3817,
7/10/2024 6:00:00 AM,14MARBEL_U01,N,N,N,3573.7723,3573.7723,2590.1064,3573.7723,3573.7723,
7/10/2024 6:00:00 AM,14MID_T1L1,N,N,N,3700.6332,3700.6332,3568.4687,3700.6332,3700.6332,
7/10/2024 6:00:00 AM,14MTAPO_U01,N,N,N,3427.3406,3427.3406,2708.8703,3427.3406,3427.3406,
7/10/2024 6:00:00 AM,14MTAPO_U02,N,N,N,3428.0396,3428.0396,2651.9494,3428.0396,3428.0396,
7/10/2024 6:00:00 AM,14MTAPO_U03,N,N,N,3494.7901,3494.7901,2661.4025,3494.7901,3494.7901,
7/10/2024 6:00:00 AM,14NVSOL_G01,N,N,N,3573.7723,3573.7723,2781.1503,3573.7723,3573.7723,
7/10/2024 6:00:00 AM,14PKPSOC_G01,N,N,N,3500.3817,3500.3817,2754.0543,3500.3817,3500.3817,
7/10/2024 6:00:00 AM,14PTU_T1L1,N,N,N,3500.3817,3500.3817,3568.4687,3500.3817,3500.3817,
7/10/2024 6:00:00 AM,14SARANG_U01,N,N,N,3500.3817,3500.3817,2740.7577,3500.3817,3500.3817,
7/10/2024 6:00:00 AM,14SARANG_U02,N,N,N,3427.3406,3427.3406,2715.5090,3427.3406,3427.3406,
7/10/2024 6:00:00 AM,14SIGHYDRO_G01,N,N,N,3500.3817,3500.3817,2759.4323,3500.3817,3500.3817,
7/10/2024 6:00:00 AM,14SKU_T1L1,N,N,N,3700.6332,3700.6332,3568.4687,3700.6332,3700.6332,
7/10/2024 6:00:00 AM,14SMY_T1L1,N,N,N,3700.6332,3700.6332,3568.4687,3700.6332,3700.6332,
7/10/2024 6:00:00 AM,14SPGI_U01,N,N,N,3573.7723,3573.7723,3220.5116,3573.7723,3573.7723,
7/10/2024 6:00:00 AM,14SRL_T1L1,N,N,N,3573.7723,3573.7723,3568.4687,3573.7723,3573.7723,
7/10/2024 6:00:00 AM,14SULTAN_SS,N,N,N,3703.7785,3703.7785,3568.4687,3703.7785,3703.7785,
7/10/2024 6:00:00 AM,14SUPKOR_G01,N,N,N,3573.7723,3573.7723,2797.9862,3573.7723,3573.7723,
7/10/2024 6:00:00 AM,14TACSUR_L02,N,N,N,3573.7723,3573.7723,3568.4687,3573.7723,3573.7723,
7/10/2024 6:00:00 AM,14TACUR_SS,N,N,N,3574.1218,3574.1218,3568.4687,3574.1218,3574.1218,
7/10/2024 6:00:00 AM,14TIN_T1L1,N,N,N,3500.3817,3500.3817,3568.4687,3500.3817,3500.3817,
7/10/2024 6:00:00 AM,14TIN_T1L2,N,N,N,3500.3817,3500.3817,3568.4687,3500.3817,3500.3817,
EOF
