TIME_INTERVAL,RESOURCE_NAME,AP_FLAG,SEC_FLAG,PSM_FLAG,DIPC_PRICE,RTD_PRICE,ADMIN_PRICE,SEC_PRICE,PSM_PRICE,
7/19/2024 3:50:00 PM,01ACNPC_G01,N,N,N,32641.2888,32641.2888,8300.4043,32641.2888,32641.2888,
7/19/2024 3:50:00 PM,01AEC_L01,N,N,N,32641.2888,32641.2888,8283.0442,32641.2888,32641.2888,
7/19/2024 3:50:00 PM,01AMBUK_SS,N,N,N,32412.4872,32412.4872,8283.0442,32412.4872,32412.4872,
7/19/2024 3:50:00 PM,01AMBUK_T1L1,N,N,N,32412.4872,32412.4872,8283.0442,32412.4872,32412.4872,
7/19/2024 3:50:00 PM,01AMBUK_U01,N,N,N,32399.5970,32399.5970,11485.0966,32399.5970,32399.5970,
7/19/2024 3:50:00 PM,01AMBUK_U02,N,N,N,32412.4872,32412.4872,11136.4780,32412.4872,32412.4872,
7/19/2024 3:50:00 PM,01AMBUK_U03,N,N,N,32409.2646,32409.2646,11985.0913,32409.2646,32409.2646,
7/19/2024 3:50:00 PM,01AMPHAW_G01,N,N,N,32396.3744,32396.3744,7460.3917,32396.3744,32396.3744,
7/19/2024 3:50:00 PM,01ANDA_G01,N,N,N,32641.2888,32641.2888,8740.4005,32641.2888,32641.2888,
7/19/2024 3:50:00 PM,01ANGAT_A,N,N,N,32518.8316,32518.8316,8112.9271,32518.8316,32518.8316,
7/19/2024 3:50:00 PM,01ANGAT_M,N,N,N,32528.4993,32528.4993,8160.4315,32528.4993,32528.4993,
7/19/2024 3:50:00 PM,01ANGAT_SS,N,N,N,32538.1670,32538.1670,8283.0442,32538.1670,32538.1670,
7/19/2024 3:50:00 PM,01ANGAT_T5L1,N,N,N,32225.5788,32225.5788,8283.0442,32225.5788,32225.5788,
7/19/2024 3:50:00 PM,01APEC_G01,N,N,N,32641.2888,32641.2888,7810.2252,32641.2888,32641.2888,
7/19/2024 3:50:00 PM,01ARAYSOL_G01,N,N,N,32641.2888,32641.2888,8539.8809,32641.2888,32641.2888,
7/19/2024 3:50:00 PM,01ARAYSOL_G02,N,N,N,32641.2888,32641.2888,8443.2825,32641.2888,32641.2888,
7/19/2024 3:50:00 PM,01ARMSOL_G01,N,N,N,32641.2888,32641.2888,7766.1201,32641.2888,32641.2888,
7/19/2024 3:50:00 PM,01BAKSIP_G01,N,N,N,32396.3744,32396.3744,8334.3859,32396.3744,32396.3744,
7/19/2024 3:50:00 PM,01BAKUN_G01,N,N,N,31835.6493,31835.6493,8719.2484,31835.6493,31835.6493,
7/19/2024 3:50:00 PM,01BAKUN_SS,N,N,N,31838.8719,31838.8719,8283.0442,31838.8719,31838.8719,
7/19/2024 3:50:00 PM,01BALNEO_L01,N,N,N,31990.3321,31990.3321,8283.0442,31990.3321,31990.3321,
7/19/2024 3:50:00 PM,01BALNEO_L02,N,N,N,31990.3321,31990.3321,8283.0442,31990.3321,31990.3321,
7/19/2024 3:50:00 PM,01BALNEO_SS,N,N,N,31900.1005,31900.1005,8283.0442,31900.1005,31900.1005,
7/19/2024 3:50:00 PM,01BALSIK_SS,N,N,N,31887.2103,31887.2103,8283.0442,31887.2103,31887.2103,
7/19/2024 3:50:00 PM,01BALWIND_G01,N,N,N,29586.3039,29586.3039,3449.2428,29586.3039,29586.3039,
7/19/2024 3:50:00 PM,01BANTAY_SS,N,N,N,31803.4238,31803.4238,8283.0442,31803.4238,31803.4238,
7/19/2024 3:50:00 PM,01BATAAN_SS,N,N,N,31200.8054,31200.8054,8283.0442,31200.8054,31200.8054,
7/19/2024 3:50:00 PM,01BAUANG_GS1,N,N,N,31967.7742,31967.7742,11962.2571,31967.7742,31967.7742,
7/19/2024 3:50:00 PM,01BAUANG_GS2,N,N,N,31999.9998,31999.9998,8172.2276,31999.9998,31999.9998,
7/19/2024 3:50:00 PM,01BAUANG_GS3,N,N,N,31999.9998,31999.9998,8172.2276,31999.9998,31999.9998,
7/19/2024 3:50:00 PM,01BAUANG_SS,N,N,N,32128.9021,32128.9021,8283.0442,32128.9021,32128.9021,
7/19/2024 3:50:00 PM,01BAUAN_T1L1,N,N,N,32154.6826,32154.6826,8283.0442,32154.6826,32154.6826,
7/19/2024 3:50:00 PM,01BAUAN_T1L2,N,N,N,32154.6826,32154.6826,8283.0442,32154.6826,32154.6826,
7/19/2024 3:50:00 PM,01BAUAN_T1L3,N,N,N,32154.6826,32154.6826,8283.0442,32154.6826,32154.6826,
7/19/2024 3:50:00 PM,01BAUAN_T2L1,N,N,N,32154.6826,32154.6826,8283.0442,32154.6826,32154.6826,
7/19/2024 3:50:00 PM,01BAUAN_T2L2,N,N,N,32138.5698,32138.5698,8283.0442,32138.5698,32138.5698,
7/19/2024 3:50:00 PM,01BCNOT_SS,N,N,N,32067.6735,32067.6735,8283.0442,32067.6735,32067.6735,
7/19/2024 3:50:00 PM,01BCNOT_T1L1,N,N,N,32067.6735,32067.6735,8283.0442,32067.6735,32067.6735,
7/19/2024 3:50:00 PM,01BCNOT_T1L2,N,N,N,32067.6735,32067.6735,8283.0442,32067.6735,32067.6735,
7/19/2024 3:50:00 PM,01BINENG_G01,N,N,N,32396.3744,32396.3744,7704.0285,32396.3744,32396.3744,
7/19/2024 3:50:00 PM,01BINGA_SS,N,N,N,32344.8135,32344.8135,8283.0442,32344.8135,32344.8135,
7/19/2024 3:50:00 PM,01BINGA_T1L1,N,N,N,32348.0360,32348.0360,8283.0442,32348.0360,32348.0360,
7/19/2024 3:50:00 PM,01BINGA_U01,N,N,N,32344.8135,32344.8135,11834.8265,32344.8135,32344.8135,
7/19/2024 3:50:00 PM,01BINGA_U02,N,N,N,32331.9232,32331.9232,11683.8726,32331.9232,32331.9232,
7/19/2024 3:50:00 PM,01BINGA_U03,N,N,N,32344.8135,32344.8135,11949.1904,32344.8135,32344.8135,
7/19/2024 3:50:00 PM,01BINGA_U04,N,N,N,32331.9232,32331.9232,11946.6249,32331.9232,32331.9232,
7/19/2024 3:50:00 PM,01BNTAY_T1L1,N,N,N,31800.2012,31800.2012,8283.0442,31800.2012,31800.2012,
7/19/2024 3:50:00 PM,01BNTAY_T1L2,N,N,N,31800.2012,31800.2012,8283.0442,31800.2012,31800.2012,
7/19/2024 3:50:00 PM,01BNTAY_T1L3,N,N,N,31800.2012,31800.2012,8283.0442,31800.2012,31800.2012,
7/19/2024 3:50:00 PM,01BOSUNG_G01,N,N,N,31049.3452,31049.3452,4036.5586,31049.3452,31049.3452,
7/19/2024 3:50:00 PM,01BOTOLAN_SS,N,N,N,31999.9998,31999.9998,8283.0442,31999.9998,31999.9998,
7/19/2024 3:50:00 PM,01BOTOL_T1L1,N,N,N,32051.5607,32051.5607,8283.0442,32051.5607,32051.5607,
7/19/2024 3:50:00 PM,01BOTOL_T1L2,N,N,N,32051.5607,32051.5607,8283.0442,32051.5607,32051.5607,
7/19/2024 3:50:00 PM,01BPC_T1L1,N,N,N,31204.0280,31204.0280,8283.0442,31204.0280,31204.0280,
7/19/2024 3:50:00 PM,01BPC_T2L2,N,N,N,31204.0280,31204.0280,8283.0442,31204.0280,31204.0280,
7/19/2024 3:50:00 PM,01BPPC_SS,N,N,N,32006.4449,32006.4449,8283.0442,32006.4449,32006.4449,
7/19/2024 3:50:00 PM,01BT2020_G01,N,N,N,31825.9817,31825.9817,8310.2330,31825.9817,31825.9817,
7/19/2024 3:50:00 PM,01BT2020_G02,N,N,N,31825.9817,31825.9817,7910.6201,31825.9817,31825.9817,
7/19/2024 3:50:00 PM,01BTNSOL_G01,N,N,N,31229.8084,31229.8084,8836.8198,31229.8084,31229.8084,
7/19/2024 3:50:00 PM,01BTPP_T3L1,N,N,N,31229.8084,31229.8084,8283.0442,31229.8084,31229.8084,
7/19/2024 3:50:00 PM,01BTPP_T3L2,N,N,N,31229.8084,31229.8084,8283.0442,31229.8084,31229.8084,
7/19/2024 3:50:00 PM,01BTPP_T3L3,N,N,N,31229.8084,31229.8084,8283.0442,31229.8084,31229.8084,
7/19/2024 3:50:00 PM,01BTPP_T3L4,N,N,N,31229.8084,31229.8084,8283.0442,31229.8084,31229.8084,
7/19/2024 3:50:00 PM,01BTPP_T3L5,N,N,N,31229.8084,31229.8084,8283.0442,31229.8084,31229.8084,
7/19/2024 3:50:00 PM,01BTPP_T4L1,N,N,N,32225.5788,32225.5788,8283.0442,32225.5788,32225.5788,
7/19/2024 3:50:00 PM,01BTSOLEN_BAT,N,N,N,31229.8084,31229.8084,10134.5808,31229.8084,31229.8084,
7/19/2024 3:50:00 PM,01BTSOLEN_G01,N,N,N,31229.8084,31229.8084,10134.5808,31229.8084,31229.8084,
7/19/2024 3:50:00 PM,01BULSOL_G01,N,N,N,32824.9746,32824.9746,8500.1572,32824.9746,32824.9746,
7/19/2024 3:50:00 PM,01BURGOS_G01,N,N,N,30453.1720,30453.1720,6049.1110,30453.1720,30453.1720,
7/19/2024 3:50:00 PM,01BURGOS_G02,N,N,N,31049.3452,31049.3452,11023.4335,31049.3452,31049.3452,
7/19/2024 3:50:00 PM,01BURGOS_G03,N,N,N,31049.3452,31049.3452,11106.9341,31049.3452,31049.3452,
7/19/2024 3:50:00 PM,01BURGOS_SS,N,N,N,32225.5788,32225.5788,8283.0442,32225.5788,32225.5788,
7/19/2024 3:50:00 PM,01BUTAO_G01,N,N,N,32367.3714,32367.3714,8117.1755,32367.3714,32367.3714,
7/19/2024 3:50:00 PM,01BYOMB_DID,N,N,N,32870.0904,32870.0904,8283.0442,32870.0904,32870.0904,
7/19/2024 3:50:00 PM,01BYOMB_SS,N,N,N,32860.4227,32860.4227,8283.0442,32860.4227,32860.4227,
7/19/2024 3:50:00 PM,01BYOMB_T1L1,N,N,N,32902.3160,32902.3160,8283.0442,32902.3160,32902.3160,
7/19/2024 3:50:00 PM,01BYOMB_T1L2,N,N,N,32870.0904,32870.0904,8283.0442,32870.0904,32870.0904,
7/19/2024 3:50:00 PM,01BYOMB_T1L3,N,N,N,32902.3160,32902.3160,8283.0442,32902.3160,32902.3160,
7/19/2024 3:50:00 PM,01CABSOL_G01,N,N,N,33221.3492,33221.3492,8025.3448,33221.3492,33221.3492,
7/19/2024 3:50:00 PM,01CAGBIO_G01,N,N,N,33372.8094,33372.8094,8780.9353,33372.8094,33372.8094,
7/19/2024 3:50:00 PM,01CAGYSOL_G01,N,N,N,34474.9242,34474.9242,9337.4697,34474.9242,34474.9242,
7/19/2024 3:50:00 PM,01CALIBUNK_G01,N,N,N,32641.2888,32641.2888,8145.0028,32641.2888,32641.2888,
7/19/2024 3:50:00 PM,01CAPRIS_G01,N,N,N,32225.5788,32225.5788,3616.1590,32225.5788,32225.5788,
7/19/2024 3:50:00 PM,01CAPRIS_G02,N,N,N,32225.5788,32225.5788,3857.3585,32225.5788,32225.5788,
7/19/2024 3:50:00 PM,01CASECN_G01,N,N,N,32225.5788,32225.5788,7769.78,32225.5788,32225.5788,
7/19/2024 3:50:00 PM,01CASECN_SS,N,N,N,32225.5788,32225.5788,8283.0442,32225.5788,32225.5788,
7/19/2024 3:50:00 PM,01CAYBSOL_G01,N,N,N,31561.7319,31561.7319,7642.8450,31561.7319,31561.7319,
7/19/2024 3:50:00 PM,01CBNTU_SS,N,N,N,33240.6846,33240.6846,8283.0442,33240.6846,33240.6846,
7/19/2024 3:50:00 PM,01CBNTU_T1L1,N,N,N,33221.3492,33221.3492,8283.0442,33221.3492,33221.3492,
7/19/2024 3:50:00 PM,01CBNTU_T1L3,N,N,N,33221.3492,33221.3492,8283.0442,33221.3492,33221.3492,
7/19/2024 3:50:00 PM,01CBNTU_T2L1,N,N,N,33221.3492,33221.3492,8283.0442,33221.3492,33221.3492,
7/19/2024 3:50:00 PM,01CBNTU_T2L2,N,N,N,33221.3492,33221.3492,8283.0442,33221.3492,33221.3492,
7/19/2024 3:50:00 PM,01CBN_CELCOR,N,N,N,33221.3492,33221.3492,8283.0442,33221.3492,33221.3492,
7/19/2024 3:50:00 PM,01CIP2_G01,N,N,N,32067.6735,32067.6735,10821.9167,32067.6735,32067.6735,
7/19/2024 3:50:00 PM,01CLARK_L01,N,N,N,32225.5788,32225.5788,8283.0442,32225.5788,32225.5788,
7/19/2024 3:50:00 PM,01CLARK_L02,N,N,N,32676.7369,32676.7369,8283.0442,32676.7369,32676.7369,
7/19/2024 3:50:00 PM,01CLARK_L03,N,N,N,32679.9595,32679.9595,8283.0442,32679.9595,32679.9595,
7/19/2024 3:50:00 PM,01CLARK_L04,N,N,N,32683.1821,32683.1821,8283.0442,32683.1821,32683.1821,
7/19/2024 3:50:00 PM,01CLARK_SS,N,N,N,32676.7369,32676.7369,8283.0442,32676.7369,32676.7369,
7/19/2024 3:50:00 PM,01CLARK_T1L1,N,N,N,32676.7369,32676.7369,8283.0442,32676.7369,32676.7369,
7/19/2024 3:50:00 PM,01CLARK_T1L2,N,N,N,32676.7369,32676.7369,8283.0442,32676.7369,32676.7369,
7/19/2024 3:50:00 PM,01CLARK_T2L1,N,N,N,32225.5788,32225.5788,8283.0442,32225.5788,32225.5788,
7/19/2024 3:50:00 PM,01CLASOL_G01,N,N,N,32679.9595,32679.9595,8680.3081,32679.9595,32679.9595,
7/19/2024 3:50:00 PM,01CLEANG_G01,N,N,N,31825.9817,31825.9817,7876.5132,31825.9817,31825.9817,
7/19/2024 3:50:00 PM,01CNCEP_BAT,N,N,N,32631.6211,32631.6211,8153.6312,32631.6211,32631.6211,
7/19/2024 3:50:00 PM,01CNCEP_CAT,N,N,N,32631.6211,32631.6211,8283.0442,32631.6211,32631.6211,
7/19/2024 3:50:00 PM,01CNCEP_DAP2,N,N,N,32631.6211,32631.6211,8283.0442,32631.6211,32631.6211,
7/19/2024 3:50:00 PM,01CNCEP_SS,N,N,N,32625.1760,32625.1760,8283.0442,32625.1760,32625.1760,
7/19/2024 3:50:00 PM,01CNCEP_T1L3,N,N,N,32625.1760,32625.1760,8283.0442,32625.1760,32625.1760,
7/19/2024 3:50:00 PM,01CNCEP_TEI,N,N,N,32641.2888,32641.2888,8283.0442,32641.2888,32641.2888,
7/19/2024 3:50:00 PM,01CN_TRELC1,N,N,N,32641.2888,32641.2888,8283.0442,32641.2888,32641.2888,
7/19/2024 3:50:00 PM,01CN_TRELC2,N,N,N,32631.6211,32631.6211,8283.0442,32631.6211,32631.6211,
7/19/2024 3:50:00 PM,01CONSOL_G01,N,N,N,32631.6211,32631.6211,8525.3288,32631.6211,32631.6211,
7/19/2024 3:50:00 PM,01CRUZD_MECO,N,N,N,32824.9746,32824.9746,8283.0442,32824.9746,32824.9746,
7/19/2024 3:50:00 PM,01CRUZD_SS,N,N,N,32824.9746,32824.9746,8283.0442,32824.9746,32824.9746,
7/19/2024 3:50:00 PM,01CRUZD_T2L1,N,N,N,32824.9746,32824.9746,8283.0442,32824.9746,32824.9746,
7/19/2024 3:50:00 PM,01CURIM_SS,N,N,N,31094.4610,31094.4610,8283.0442,31094.4610,31094.4610,
7/19/2024 3:50:00 PM,01CURIM_T1L1,N,N,N,31068.6806,31068.6806,8283.0442,31068.6806,31068.6806,
7/19/2024 3:50:00 PM,01CURIM_T1L2,N,N,N,31068.6806,31068.6806,8283.0442,31068.6806,31068.6806,
7/19/2024 3:50:00 PM,01CURSOL_G02,N,N,N,30717.4217,30717.4217,8066.1061,30717.4217,30717.4217,
7/19/2024 3:50:00 PM,01DALSOL_G01,N,N,N,32641.2888,32641.2888,8321.5985,32641.2888,32641.2888,
7/19/2024 3:50:00 PM,01DUHAT_SS,N,N,N,32969.9897,32969.9897,8283.0442,32969.9897,32969.9897,
7/19/2024 3:50:00 PM,01DUHAT_T1L1,N,N,N,33037.6634,33037.6634,8283.0442,33037.6634,33037.6634,
7/19/2024 3:50:00 PM,01EHVSJ_SS,N,N,N,32386.7067,32386.7067,8283.0442,32386.7067,32386.7067,
7/19/2024 3:50:00 PM,01EHVSM_SS,N,N,N,32064.4509,32064.4509,8283.0442,32064.4509,32064.4509,
7/19/2024 3:50:00 PM,01GAMU_BAT,N,N,N,33424.3704,33424.3704,8283.0442,33424.3704,33424.3704,
7/19/2024 3:50:00 PM,01GAMU_BATL,N,N,N,33424.3704,33424.3704,8283.0442,33424.3704,33424.3704,
7/19/2024 3:50:00 PM,01GAMU_SS,N,N,N,33372.8094,33372.8094,8283.0442,33372.8094,33372.8094,
7/19/2024 3:50:00 PM,01GAMU_T1L1,N,N,N,33424.3704,33424.3704,8283.0442,33424.3704,33424.3704,
7/19/2024 3:50:00 PM,01GAMU_T1L2,N,N,N,33372.8094,33372.8094,8283.0442,33372.8094,33372.8094,
7/19/2024 3:50:00 PM,01GFII_G01,N,N,N,33424.3704,33424.3704,8639.9023,33424.3704,33424.3704,
7/19/2024 3:50:00 PM,01GIFT_G01,N,N,N,33221.3492,33221.3492,8325.0497,33221.3492,33221.3492,
7/19/2024 3:50:00 PM,01GIFT_G02,N,N,N,33221.3492,33221.3492,8340.3373,33221.3492,33221.3492,
7/19/2024 3:50:00 PM,01GIGSOL_G01,N,N,N,32051.5607,32051.5607,8085.1104,32051.5607,32051.5607,
7/19/2024 3:50:00 PM,01GNPD_SS,N,N,N,31732.5275,31732.5275,8283.0442,31732.5275,31732.5275,
7/19/2024 3:50:00 PM,01GNPD_U01,N,N,N,31407.0491,31407.0491,7741.0069,31407.0491,31407.0491,
7/19/2024 3:50:00 PM,01GNPD_U02,N,N,N,32225.5788,32225.5788,7750.4230,32225.5788,32225.5788,
7/19/2024 3:50:00 PM,01GRGOLD_G01,N,N,N,33221.3492,33221.3492,8631.3915,33221.3492,33221.3492,
7/19/2024 3:50:00 PM,01HANJI_SS,N,N,N,31909.7682,31909.7682,8283.0442,31909.7682,31909.7682,
7/19/2024 3:50:00 PM,01HANJI_T1L1,N,N,N,31909.7682,31909.7682,8283.0442,31909.7682,31909.7682,
7/19/2024 3:50:00 PM,01HANJI_T2L1,N,N,N,31909.7682,31909.7682,8283.0442,31909.7682,31909.7682,
7/19/2024 3:50:00 PM,01HERMO_FBL,N,N,N,31825.9817,31825.9817,8283.0442,31825.9817,31825.9817,
7/19/2024 3:50:00 PM,01HERMO_SS,N,N,N,31809.8689,31809.8689,8283.0442,31809.8689,31809.8689,
7/19/2024 3:50:00 PM,01HERMO_T1L1,N,N,N,32225.5788,32225.5788,8283.0442,32225.5788,32225.5788,
7/19/2024 3:50:00 PM,01HERMO_T1L2,N,N,N,31825.9817,31825.9817,8283.0442,31825.9817,31825.9817,
7/19/2024 3:50:00 PM,01HERMO_T1L3,N,N,N,32225.5788,32225.5788,8283.0442,32225.5788,32225.5788,
7/19/2024 3:50:00 PM,01HERMO_T1L4,N,N,N,31825.9817,31825.9817,8283.0442,31825.9817,31825.9817,
7/19/2024 3:50:00 PM,01HYPGRN_G01,N,N,N,33037.6634,33037.6634,8285.9930,33037.6634,33037.6634,
7/19/2024 3:50:00 PM,01IBEC_G01,N,N,N,33150.4529,33150.4529,8466.4918,33150.4529,33150.4529,
7/19/2024 3:50:00 PM,01IBULAO_G01,N,N,N,32902.3160,32902.3160,8385.6966,32902.3160,32902.3160,
7/19/2024 3:50:00 PM,01IPOWER_G01,N,N,N,33221.3492,33221.3492,9947.5186,33221.3492,33221.3492,
7/19/2024 3:50:00 PM,01IPOWER_G02,N,N,N,33221.3492,33221.3492,8358.0479,33221.3492,33221.3492,
7/19/2024 3:50:00 PM,01KDAM_SS,N,N,N,31793.7561,31793.7561,8283.0442,31793.7561,31793.7561,
7/19/2024 3:50:00 PM,01LAMAO_BAT,N,N,N,31155.6896,31155.6896,4970.0175,31155.6896,31155.6896,
7/19/2024 3:50:00 PM,01LAMAO_SS,N,N,N,31158.9122,31158.9122,8283.0442,31158.9122,31158.9122,
7/19/2024 3:50:00 PM,01LAOAG_SS,N,N,N,31075.1257,31075.1257,8283.0442,31075.1257,31075.1257,
7/19/2024 3:50:00 PM,01LAOAG_T1L1,N,N,N,31091.2385,31091.2385,8283.0442,31091.2385,31091.2385,
7/19/2024 3:50:00 PM,01LAOAG_T1L2,N,N,N,31091.2385,31091.2385,8283.0442,31091.2385,31091.2385,
7/19/2024 3:50:00 PM,01LAOAG_T2L2,N,N,N,31049.3452,31049.3452,8283.0442,31049.3452,31049.3452,
7/19/2024 3:50:00 PM,01LAOSOL_G01,N,N,N,31532.7289,31532.7289,6711.5355,31532.7289,31532.7289,
7/19/2024 3:50:00 PM,01LAOSOL_SS,N,N,N,31532.7289,31532.7289,8283.0442,31532.7289,31532.7289,
7/19/2024 3:50:00 PM,01LASUER_U01,N,N,N,33372.8094,33372.8094,8661.3536,33372.8094,33372.8094,
7/19/2024 3:50:00 PM,01LATRI_SS,N,N,N,32354.4812,32354.4812,8283.0442,32354.4812,32354.4812,
7/19/2024 3:50:00 PM,01LATRI_T1L1,N,N,N,32396.3744,32396.3744,8283.0442,32396.3744,32396.3744,
7/19/2024 3:50:00 PM,01LATRI_T2L1,N,N,N,32396.3744,32396.3744,8283.0442,32396.3744,32396.3744,
7/19/2024 3:50:00 PM,01LATRI_T2L2,N,N,N,32396.3744,32396.3744,8283.0442,32396.3744,32396.3744,
7/19/2024 3:50:00 PM,01LATRI_T2L3,N,N,N,32396.3744,32396.3744,8283.0442,32396.3744,32396.3744,
7/19/2024 3:50:00 PM,01LAT_BENECO,N,N,N,32396.3744,32396.3744,8283.0442,32396.3744,32396.3744,
7/19/2024 3:50:00 PM,01LAT_PHILEX,N,N,N,32396.3744,32396.3744,8283.0442,32396.3744,32396.3744,
7/19/2024 3:50:00 PM,01LBRDR_SS,N,N,N,31661.6312,31661.6312,8283.0442,31661.6312,31661.6312,
7/19/2024 3:50:00 PM,01LBR_CNPELC,N,N,N,32225.5788,32225.5788,8283.0442,32225.5788,32225.5788,
7/19/2024 3:50:00 PM,01LBR_DECORP,N,N,N,31680.9666,31680.9666,8283.0442,31680.9666,31680.9666,
7/19/2024 3:50:00 PM,01LBR_PNELC1,N,N,N,31677.7440,31677.7440,8283.0442,31677.7440,31677.7440,
7/19/2024 3:50:00 PM,01LIMAY_BAT,N,N,N,31229.8084,31229.8084,4131.7304,31229.8084,31229.8084,
7/19/2024 3:50:00 PM,01LIMAY_SS,N,N,N,31197.5829,31197.5829,8283.0442,31197.5829,31197.5829,
7/19/2024 3:50:00 PM,01LIMAY_U01,N,N,N,31187.9152,31187.9152,7677.7267,31187.9152,31187.9152,
7/19/2024 3:50:00 PM,01LIMAY_U02,N,N,N,31187.9152,31187.9152,7677.7267,31187.9152,31187.9152,
7/19/2024 3:50:00 PM,01LIMAY_U03,N,N,N,31187.9152,31187.9152,7677.7267,31187.9152,31187.9152,
7/19/2024 3:50:00 PM,01LIMAY_U04,N,N,N,31197.5829,31197.5829,7677.7267,31197.5829,31197.5829,
7/19/2024 3:50:00 PM,01LIMAY_U05,N,N,N,31187.9152,31187.9152,7677.7267,31187.9152,31187.9152,
7/19/2024 3:50:00 PM,01LIMAY_U06,N,N,N,31187.9152,31187.9152,7677.7267,31187.9152,31187.9152,
7/19/2024 3:50:00 PM,01LIMAY_U07,N,N,N,31197.5829,31197.5829,7677.7267,31197.5829,31197.5829,
7/19/2024 3:50:00 PM,01LIMAY_U08,N,N,N,31197.5829,31197.5829,7677.7267,31197.5829,31197.5829,
7/19/2024 3:50:00 PM,01MAEC_G01,N,N,N,30717.4217,30717.4217,7810.3663,30717.4217,30717.4217,
7/19/2024 3:50:00 PM,01MAEC_S01,N,N,N,30717.4217,30717.4217,8283.0442,30717.4217,30717.4217,
7/19/2024 3:50:00 PM,01MAGAPIT_BAT,N,N,N,34474.9242,34474.9242,8829.6857,34474.9242,34474.9242,
7/19/2024 3:50:00 PM,01MAGAT_BAT,N,N,N,33079.5567,33079.5567,5593.5288,33079.5567,33079.5567,
7/19/2024 3:50:00 PM,01MAGAT_SS,N,N,N,33079.5567,33079.5567,8283.0442,33079.5567,33079.5567,
7/19/2024 3:50:00 PM,01MAGAT_U01,N,N,N,33079.5567,33079.5567,6610.5004,33079.5567,33079.5567,
7/19/2024 3:50:00 PM,01MAGAT_U02,N,N,N,33079.5567,33079.5567,10045.9134,33079.5567,33079.5567,
7/19/2024 3:50:00 PM,01MAGAT_U03,N,N,N,33079.5567,33079.5567,12413.4505,33079.5567,33079.5567,
7/19/2024 3:50:00 PM,01MAGAT_U04,N,N,N,33079.5567,33079.5567,8564.7865,33079.5567,33079.5567,
7/19/2024 3:50:00 PM,01MALOL_SS,N,N,N,32531.7218,32531.7218,8283.0442,32531.7218,32531.7218,
7/19/2024 3:50:00 PM,01MALOL_T1L1,N,N,N,32631.6211,32631.6211,8283.0442,32631.6211,32631.6211,
7/19/2024 3:50:00 PM,01MARIS_U01,N,N,N,33150.4529,33150.4529,9186.6319,33150.4529,33150.4529,
7/19/2024 3:50:00 PM,01MARIS_U02,N,N,N,33150.4529,33150.4529,9560.8912,33150.4529,33150.4529,
7/19/2024 3:50:00 PM,01MARSOL_G01,N,N,N,31052.5678,31052.5678,9208.2156,31052.5678,31052.5678,
7/19/2024 3:50:00 PM,01MARVEL_AUX,N,N,N,31042.9001,31042.9001,8283.0442,31042.9001,31042.9001,
7/19/2024 3:50:00 PM,01MARVEL_G01,N,N,N,31026.7873,31026.7873,7593.9628,31026.7873,31026.7873,
7/19/2024 3:50:00 PM,01MARVEL_G02,N,N,N,31026.7873,31026.7873,7972.1895,31026.7873,31026.7873,
7/19/2024 3:50:00 PM,01MARVEL_SS,N,N,N,31042.9001,31042.9001,8283.0442,31042.9001,31042.9001,
7/19/2024 3:50:00 PM,01MASIWA_G01,N,N,N,33221.3492,33221.3492,8331.4681,33221.3492,33221.3492,
7/19/2024 3:50:00 PM,01MASIWA_SS,N,N,N,33221.3492,33221.3492,8283.0442,33221.3492,33221.3492,
7/19/2024 3:50:00 PM,01MATUNO_G01,N,N,N,32870.0904,32870.0904,5527.4302,32870.0904,32870.0904,
7/19/2024 3:50:00 PM,01MEXICO_SS,N,N,N,32641.2888,32641.2888,8283.0442,32641.2888,32641.2888,
7/19/2024 3:50:00 PM,01MEX_AEC,N,N,N,32644.5114,32644.5114,8283.0442,32644.5114,32644.5114,
7/19/2024 3:50:00 PM,01MEX_CISP,N,N,N,32641.2888,32641.2888,8283.0442,32641.2888,32641.2888,
7/19/2024 3:50:00 PM,01MEX_CLARK1,N,N,N,32641.2888,32641.2888,8283.0442,32641.2888,32641.2888,
7/19/2024 3:50:00 PM,01MEX_CLARK2,N,N,N,32641.2888,32641.2888,8283.0442,32641.2888,32641.2888,
7/19/2024 3:50:00 PM,01MEX_CND,N,N,N,32641.2888,32641.2888,8283.0442,32641.2888,32641.2888,
7/19/2024 3:50:00 PM,01MEX_L01,N,N,N,32641.2888,32641.2888,8283.0442,32641.2888,32641.2888,
7/19/2024 3:50:00 PM,01MEX_MIC,N,N,N,32644.5114,32644.5114,8283.0442,32644.5114,32644.5114,
7/19/2024 3:50:00 PM,01MEX_PELCO1,N,N,N,32641.2888,32641.2888,8283.0442,32641.2888,32641.2888,
7/19/2024 3:50:00 PM,01MEX_PIMP,N,N,N,32641.2888,32641.2888,8283.0442,32641.2888,32641.2888,
7/19/2024 3:50:00 PM,01MEX_SFLAPC,N,N,N,32641.2888,32641.2888,8283.0442,32641.2888,32641.2888,
7/19/2024 3:50:00 PM,01MEX_SKK,N,N,N,32644.5114,32644.5114,8283.0442,32644.5114,32644.5114,
7/19/2024 3:50:00 PM,01MPGC_SS,N,N,N,31716.4147,31716.4147,8283.0442,31716.4147,31716.4147,
7/19/2024 3:50:00 PM,01MPGC_U01,N,N,N,32225.5788,32225.5788,8208.8545,32225.5788,32225.5788,
7/19/2024 3:50:00 PM,01MPGC_U02,N,N,N,31564.9545,31564.9545,7785.5462,31564.9545,31564.9545,
7/19/2024 3:50:00 PM,01MPGC_U03,N,N,N,31561.7319,31561.7319,7786.2479,31561.7319,31561.7319,
7/19/2024 3:50:00 PM,01MPGC_U04,N,N,N,31716.4147,31716.4147,5665.0729,31716.4147,31716.4147,
7/19/2024 3:50:00 PM,01MRVEL_T1L1,N,N,N,31052.5678,31052.5678,8283.0442,31052.5678,31052.5678,
7/19/2024 3:50:00 PM,01MSINLO_BAT,N,N,N,30817.3210,30817.3210,7701.2958,30817.3210,30817.3210,
7/19/2024 3:50:00 PM,01MSINLO_G01,N,N,N,30801.2083,30801.2083,7695.0808,30801.2083,30801.2083,
7/19/2024 3:50:00 PM,01MSINLO_G02,N,N,N,30817.3210,30817.3210,5003.3712,30817.3210,30817.3210,
7/19/2024 3:50:00 PM,01MSINLO_G03,N,N,N,30797.9857,30797.9857,7508.8576,30797.9857,30797.9857,
7/19/2024 3:50:00 PM,01MSINLO_SS,N,N,N,30817.3210,30817.3210,8283.0442,30817.3210,30817.3210,
7/19/2024 3:50:00 PM,01NIABAL_G01,N,N,N,33150.4529,33150.4529,8296.1781,33150.4529,33150.4529,
7/19/2024 3:50:00 PM,01NMHC_G01,N,N,N,32396.3744,32396.3744,6903.4350,32396.3744,32396.3744,
7/19/2024 3:50:00 PM,01NMHC_G03,N,N,N,32396.3744,32396.3744,8204.7981,32396.3744,32396.3744,
7/19/2024 3:50:00 PM,01NSNMN_L01,N,N,N,32225.5788,32225.5788,8283.0442,32225.5788,32225.5788,
7/19/2024 3:50:00 PM,01NSNMN_L02,N,N,N,32270.6946,32270.6946,8283.0442,32270.6946,32270.6946,
7/19/2024 3:50:00 PM,01NSNMN_SS,N,N,N,32225.5788,32225.5788,8283.0442,32225.5788,32225.5788,
7/19/2024 3:50:00 PM,01NSNMN_T1L1,N,N,N,32244.9142,32244.9142,8283.0442,32244.9142,32244.9142,
7/19/2024 3:50:00 PM,01NWIND_G01,N,N,N,31049.3452,31049.3452,5252.5566,31049.3452,31049.3452,
7/19/2024 3:50:00 PM,01NWIND_G02,N,N,N,31049.3452,31049.3452,6843.9755,31049.3452,31049.3452,
7/19/2024 3:50:00 PM,01NWIND_L01,N,N,N,31049.3452,31049.3452,8283.0442,31049.3452,31049.3452,
7/19/2024 3:50:00 PM,01OLONG_SS,N,N,N,31871.0975,31871.0975,8283.0442,31871.0975,31871.0975,
7/19/2024 3:50:00 PM,01OLONG_T1L1,N,N,N,31900.1005,31900.1005,8283.0442,31900.1005,31900.1005,
7/19/2024 3:50:00 PM,01OLONG_T2L2,N,N,N,31900.1005,31900.1005,8283.0442,31900.1005,31900.1005,
7/19/2024 3:50:00 PM,01OLONG_T3L3,N,N,N,31900.1005,31900.1005,8283.0442,31900.1005,31900.1005,
7/19/2024 3:50:00 PM,01PAGCAP_L01,N,N,N,32225.5788,32225.5788,8283.0442,32225.5788,32225.5788,
7/19/2024 3:50:00 PM,01PAGUD_SS,N,N,N,32225.5788,32225.5788,8283.0442,32225.5788,32225.5788,
7/19/2024 3:50:00 PM,01PASQSOL_G01,N,N,N,30456.3946,30456.3946,4054.1388,30456.3946,30456.3946,
7/19/2024 3:50:00 PM,01PAVGSOL_G01,N,N,N,31229.8084,31229.8084,7683.3012,31229.8084,31229.8084,
7/19/2024 3:50:00 PM,01PETRON_G01,N,N,N,31197.5829,31197.5829,7585.8217,31197.5829,31197.5829,
7/19/2024 3:50:00 PM,01PETSOL_G01,N,N,N,32631.6211,32631.6211,8863.4853,32631.6211,32631.6211,
7/19/2024 3:50:00 PM,01PETSOL_G02,N,N,N,32631.6211,32631.6211,8872.0514,32631.6211,32631.6211,
7/19/2024 3:50:00 PM,01PNTBNG_SS,N,N,N,32812.0844,32812.0844,8283.0442,32812.0844,32812.0844,
7/19/2024 3:50:00 PM,01PNTBNG_U01,N,N,N,32812.0844,32812.0844,8219.9052,32812.0844,32812.0844,
7/19/2024 3:50:00 PM,01PNTBNG_U02,N,N,N,32812.0844,32812.0844,8219.9052,32812.0844,32812.0844,
7/19/2024 3:50:00 PM,01RASLAG_G01,N,N,N,32641.2888,32641.2888,9400.9501,32641.2888,32641.2888,
7/19/2024 3:50:00 PM,01RASLAG_G02,N,N,N,32641.2888,32641.2888,9130.1624,32641.2888,32641.2888,
7/19/2024 3:50:00 PM,01RASLAG_G03,N,N,N,32641.2888,32641.2888,8577.4085,32641.2888,32641.2888,
7/19/2024 3:50:00 PM,01SABANG_G01,N,N,N,32396.3744,32396.3744,8664.9622,32396.3744,32396.3744,
7/19/2024 3:50:00 PM,01SANMIGSOL_G01,N,N,N,32824.9746,32824.9746,8205.0055,32824.9746,32824.9746,
7/19/2024 3:50:00 PM,01SE_ABRECO,N,N,N,31771.1982,31771.1982,8283.0442,31771.1982,31771.1982,
7/19/2024 3:50:00 PM,01SLANGN_G01,N,N,N,32396.3744,32396.3744,8204.7981,32396.3744,32396.3744,
7/19/2024 3:50:00 PM,01SMBELL_G01,N,N,N,32902.3160,32902.3160,8387.0059,32902.3160,32902.3160,
7/19/2024 3:50:00 PM,01SMC_G01,N,N,N,32225.5788,32225.5788,8821.6372,32225.5788,32225.5788,
7/19/2024 3:50:00 PM,01SMC_G02,N,N,N,32225.5788,32225.5788,7685.0468,32225.5788,32225.5788,
7/19/2024 3:50:00 PM,01SMC_G03,N,N,N,32225.5788,32225.5788,7622.2067,32225.5788,32225.5788,
7/19/2024 3:50:00 PM,01SMC_G04,N,N,N,32225.5788,32225.5788,7566.9515,32225.5788,32225.5788,
7/19/2024 3:50:00 PM,01SMC_SS,N,N,N,32225.5788,32225.5788,8283.0442,32225.5788,32225.5788,
7/19/2024 3:50:00 PM,01SMC_SS2,N,N,N,32225.5788,32225.5788,8283.0442,32225.5788,32225.5788,
7/19/2024 3:50:00 PM,01SMC_SS3,N,N,N,32225.5788,32225.5788,8283.0442,32225.5788,32225.5788,
7/19/2024 3:50:00 PM,01SMC_SS4,N,N,N,32225.5788,32225.5788,8283.0442,32225.5788,32225.5788,
7/19/2024 3:50:00 PM,01SNEST_SS,N,N,N,31709.9696,31709.9696,8283.0442,31709.9696,31709.9696,
7/19/2024 3:50:00 PM,01SNEST_T3L1,N,N,N,31822.7591,31822.7591,8283.0442,31822.7591,31822.7591,
7/19/2024 3:50:00 PM,01SNEST_T3L2,N,N,N,31822.7591,31822.7591,8283.0442,31822.7591,31822.7591,
7/19/2024 3:50:00 PM,01SNJOSE_L01,N,N,N,32641.2888,32641.2888,8283.0442,32641.2888,32641.2888,
7/19/2024 3:50:00 PM,01SNJOSE_SS,N,N,N,32586.5053,32586.5053,8283.0442,32586.5053,32586.5053,
7/19/2024 3:50:00 PM,01SNJOS_CAM,N,N,N,32641.2888,32641.2888,8283.0442,32641.2888,32641.2888,
7/19/2024 3:50:00 PM,01SNJOS_T1L1,N,N,N,32609.0632,32609.0632,8283.0442,32609.0632,32609.0632,
7/19/2024 3:50:00 PM,01SNJOS_T1L2,N,N,N,32944.2092,32944.2092,8283.0442,32944.2092,32944.2092,
7/19/2024 3:50:00 PM,01SNJOS_T1L3,N,N,N,32634.8437,32634.8437,8283.0442,32634.8437,32634.8437,
7/19/2024 3:50:00 PM,01SNMAN_BAT,N,N,N,32367.3714,32367.3714,3870.5064,32367.3714,32367.3714,
7/19/2024 3:50:00 PM,01SNMAN_LYO,N,N,N,32367.3714,32367.3714,8283.0442,32367.3714,32367.3714,
7/19/2024 3:50:00 PM,01SNMAN_SS,N,N,N,32228.8014,32228.8014,8283.0442,32228.8014,32228.8014,
7/19/2024 3:50:00 PM,01SNMAN_T1L2,N,N,N,32367.3714,32367.3714,8283.0442,32367.3714,32367.3714,
7/19/2024 3:50:00 PM,01SNMARSOL_G01,N,N,N,31703.5245,31703.5245,8615.7268,31703.5245,31703.5245,
7/19/2024 3:50:00 PM,01SNMAR_SS,N,N,N,31703.5245,31703.5245,8283.0442,31703.5245,31703.5245,
7/19/2024 3:50:00 PM,01SNM_PNELC3,N,N,N,32367.3714,32367.3714,8283.0442,32367.3714,32367.3714,
7/19/2024 3:50:00 PM,01SNTGO_SS,N,N,N,33150.4529,33150.4529,8283.0442,33150.4529,33150.4529,
7/19/2024 3:50:00 PM,01SNTGO_T1L1,N,N,N,33150.4529,33150.4529,8283.0442,33150.4529,33150.4529,
7/19/2024 3:50:00 PM,01SNTGO_T1L2,N,N,N,32225.5788,32225.5788,8283.0442,32225.5788,32225.5788,
7/19/2024 3:50:00 PM,01SNTGO_T1L3,N,N,N,33150.4529,33150.4529,8283.0442,33150.4529,33150.4529,
7/19/2024 3:50:00 PM,01SNTGO_T2L1,N,N,N,33150.4529,33150.4529,8283.0442,33150.4529,33150.4529,
7/19/2024 3:50:00 PM,01SNTGO_T2L2,N,N,N,33150.4529,33150.4529,8283.0442,33150.4529,33150.4529,
7/19/2024 3:50:00 PM,01SPABUL_G01,N,N,N,32824.9746,32824.9746,10111.6558,32824.9746,32824.9746,
7/19/2024 3:50:00 PM,01SROQUE_SS,N,N,N,32225.5788,32225.5788,8283.0442,32225.5788,32225.5788,
7/19/2024 3:50:00 PM,01SROQUE_U01,N,N,N,32225.5788,32225.5788,8067.0018,32225.5788,32225.5788,
7/19/2024 3:50:00 PM,01SROQUE_U02,N,N,N,32225.5788,32225.5788,8067.0018,32225.5788,32225.5788,
7/19/2024 3:50:00 PM,01SROQUE_U03,N,N,N,32225.5788,32225.5788,8067.0018,32225.5788,32225.5788,
7/19/2024 3:50:00 PM,01SUAL_G01,N,N,N,31284.5919,31284.5919,7890.3334,31284.5919,31284.5919,
7/19/2024 3:50:00 PM,01SUAL_G02,N,N,N,31394.1589,31394.1589,7882.0796,31394.1589,31394.1589,
7/19/2024 3:50:00 PM,01SUAL_T3L1,N,N,N,31436.0522,31436.0522,8283.0442,31436.0522,31436.0522,
7/19/2024 3:50:00 PM,01SUBIC_T3L1,N,N,N,31819.5365,31819.5365,8283.0442,31819.5365,31819.5365,
7/19/2024 3:50:00 PM,01SUBIC_T3L2,N,N,N,31819.5365,31819.5365,8283.0442,31819.5365,31819.5365,
7/19/2024 3:50:00 PM,01SUBSOL_G01,N,N,N,31819.5365,31819.5365,7479.6767,31819.5365,31819.5365,
7/19/2024 3:50:00 PM,01SUPSOL_G01,N,N,N,31803.4238,31803.4238,8595.6169,31803.4238,31803.4238,
7/19/2024 3:50:00 PM,01S_ENRO_G01,N,N,N,31819.5365,31819.5365,9110.3701,31819.5365,31819.5365,
7/19/2024 3:50:00 PM,01S_ENRO_SS,N,N,N,31819.5365,31819.5365,8283.0442,31819.5365,31819.5365,
7/19/2024 3:50:00 PM,01TERASU_G01,N,N,N,32641.2888,32641.2888,8205.8192,32641.2888,32641.2888,
7/19/2024 3:50:00 PM,01TGEGA_SS,N,N,N,34449.1438,34449.1438,8283.0442,34449.1438,34449.1438,
7/19/2024 3:50:00 PM,01TGEGA_T1L1,N,N,N,34474.9242,34474.9242,8283.0442,34474.9242,34474.9242,
7/19/2024 3:50:00 PM,01TG_CGELCO1,N,N,N,34474.9242,34474.9242,8283.0442,34474.9242,34474.9242,
7/19/2024 3:50:00 PM,01TG_CGELCO2,N,N,N,34474.9242,34474.9242,8283.0442,34474.9242,34474.9242,
7/19/2024 3:50:00 PM,01TG_ISELCO2,N,N,N,34474.9242,34474.9242,8283.0442,34474.9242,34474.9242,
7/19/2024 3:50:00 PM,01TPCBUNK_G01,N,N,N,32641.2888,32641.2888,7895.9513,32641.2888,32641.2888,
7/19/2024 3:50:00 PM,01TRASU_L01,N,N,N,32641.2888,32641.2888,8283.0442,32641.2888,32641.2888,
7/19/2024 3:50:00 PM,01TRUSTBIO_G01,N,N,N,32641.2888,32641.2888,8145.0028,32641.2888,32641.2888,
7/19/2024 3:50:00 PM,01TRUSTSOL_G01,N,N,N,32641.2888,32641.2888,8013.6931,32641.2888,32641.2888,
7/19/2024 3:50:00 PM,01T_ASIA_G01,N,N,N,32628.3986,32628.3986,9561.2258,32628.3986,32628.3986,
7/19/2024 3:50:00 PM,01T_ASI_T3L1,N,N,N,32628.3986,32628.3986,8283.0442,32628.3986,32628.3986,
7/19/2024 3:50:00 PM,01UPPC_G01,N,N,N,32641.2888,32641.2888,8145.0028,32641.2888,32641.2888,
7/19/2024 3:50:00 PM,01VSGRIP_G01,N,N,N,33221.3492,33221.3492,8275.59,33221.3492,33221.3492,
7/19/2024 3:50:00 PM,01YHGRN_G01,N,N,N,31825.9817,31825.9817,7279.1636,31825.9817,31825.9817,
7/19/2024 3:50:00 PM,01ZAMSOL_G01,N,N,N,32051.5607,32051.5607,8856.4974,32051.5607,32051.5607,
7/19/2024 3:50:00 PM,02ARANE_T1L1,N,N,N,33108.5597,33108.5597,8283.0442,33108.5597,33108.5597,
7/19/2024 3:50:00 PM,02BALNT_T1L1,N,N,N,32895.8709,32895.8709,8283.0442,32895.8709,32895.8709,
7/19/2024 3:50:00 PM,02DOLOR_T1L1,N,N,N,33008.6604,33008.6604,8283.0442,33008.6604,33008.6604,
7/19/2024 3:50:00 PM,02ECOPRK_G01,N,N,N,32895.8709,32895.8709,5203.0940,32895.8709,32895.8709,
7/19/2024 3:50:00 PM,02ECOTAGA_G01,N,N,N,32895.8709,32895.8709,11231.1480,32895.8709,32895.8709,
7/19/2024 3:50:00 PM,02MMPP_G01,N,N,N,32895.8709,32895.8709,8250.3870,32895.8709,32895.8709,
7/19/2024 3:50:00 PM,02PACO_T1L1,N,N,N,33153.6755,33153.6755,8283.0442,33153.6755,33153.6755,
7/19/2024 3:50:00 PM,02PNGEA_G01,N,N,N,32895.8709,32895.8709,8230.2253,32895.8709,32895.8709,
7/19/2024 3:50:00 PM,02PNGYSOL_G01,N,N,N,33008.6604,33008.6604,9840.0674,33008.6604,33008.6604,
7/19/2024 3:50:00 PM,02SMNRTH_G01,N,N,N,32895.8709,32895.8709,8250.3870,32895.8709,32895.8709,
7/19/2024 3:50:00 PM,02SUCAT_T1L1,N,N,N,32750.8558,32750.8558,8283.0442,32750.8558,32750.8558,
7/19/2024 3:50:00 PM,02TMOBIL_G01,N,N,N,32895.8709,32895.8709,12060.9308,32895.8709,32895.8709,
7/19/2024 3:50:00 PM,02TMOBIL_G02,N,N,N,32895.8709,32895.8709,8250.3870,32895.8709,32895.8709,
7/19/2024 3:50:00 PM,02TMOBIL_G03,N,N,N,32895.8709,32895.8709,12066.3237,32895.8709,32895.8709,
7/19/2024 3:50:00 PM,02TMOBIL_G04,N,N,N,32895.8709,32895.8709,8250.3870,32895.8709,32895.8709,
7/19/2024 3:50:00 PM,02VALSOL_G01,N,N,N,32895.8709,32895.8709,9669.2366,32895.8709,32895.8709,
7/19/2024 3:50:00 PM,02ZAPOT_SS,N,N,N,32592.9504,32592.9504,8283.0442,32592.9504,32592.9504,
7/19/2024 3:50:00 PM,02ZAPOT_T1L1,N,N,N,32670.2918,32670.2918,8283.0442,32670.2918,32670.2918,
7/19/2024 3:50:00 PM,03ADISOL_G01,N,N,N,31071.9031,31071.9031,9769.5862,31071.9031,31071.9031,
7/19/2024 3:50:00 PM,03ALMNOS_BAT1,N,N,N,32344.8135,32344.8135,8115.0487,32344.8135,32344.8135,
7/19/2024 3:50:00 PM,03ALMNOS_BAT2,N,N,N,32344.8135,32344.8135,8115.0487,32344.8135,32344.8135,
7/19/2024 3:50:00 PM,03AMADEO_T1L1,N,N,N,32067.6735,32067.6735,8283.0442,32067.6735,32067.6735,
7/19/2024 3:50:00 PM,03AVION_SS,N,N,N,32132.1247,32132.1247,8283.0442,32132.1247,32132.1247,
7/19/2024 3:50:00 PM,03AVION_U01,N,N,N,32125.6795,32125.6795,7821.0447,32125.6795,32125.6795,
7/19/2024 3:50:00 PM,03AVION_U02,N,N,N,32125.6795,32125.6795,8989.0070,32125.6795,32125.6795,
7/19/2024 3:50:00 PM,03AWOC_G01,N,N,N,33008.6604,33008.6604,7487.2038,33008.6604,33008.6604,
7/19/2024 3:50:00 PM,03BACMAN_SS,N,N,N,30211.4802,30211.4802,8283.0442,30211.4802,30211.4802,
7/19/2024 3:50:00 PM,03BACMAN_U01,N,N,N,30079.3553,30079.3553,6665.7470,30079.3553,30079.3553,
7/19/2024 3:50:00 PM,03BACMAN_U02,N,N,N,30079.3553,30079.3553,7856.8335,30079.3553,30079.3553,
7/19/2024 3:50:00 PM,03BACMAN_U03,N,N,N,30208.2576,30208.2576,7843.8621,30208.2576,30208.2576,
7/19/2024 3:50:00 PM,03BALUG_G01,N,N,N,32228.8014,32228.8014,7787.2147,32228.8014,32228.8014,
7/19/2024 3:50:00 PM,03BART_G01,N,N,N,30772.2052,30772.2052,7964.8267,30772.2052,30772.2052,
7/19/2024 3:50:00 PM,03BATAN_SS,N,N,N,32212.6886,32212.6886,8283.0442,32212.6886,32212.6886,
7/19/2024 3:50:00 PM,03BATAN_T1L2,N,N,N,32360.9263,32360.9263,8283.0442,32360.9263,32360.9263,
7/19/2024 3:50:00 PM,03BATAN_T2L2,N,N,N,32228.8014,32228.8014,8283.0442,32228.8014,32228.8014,
7/19/2024 3:50:00 PM,03BAT_BTLEC2,N,N,N,32254.5819,32254.5819,8283.0442,32254.5819,32254.5819,
7/19/2024 3:50:00 PM,03BAT_LIP01,N,N,N,32254.5819,32254.5819,8283.0442,32254.5819,32254.5819,
7/19/2024 3:50:00 PM,03BAT_LIP02,N,N,N,32254.5819,32254.5819,8283.0442,32254.5819,32254.5819,
7/19/2024 3:50:00 PM,03BAT_MECO,N,N,N,32254.5819,32254.5819,8283.0442,32254.5819,32254.5819,
7/19/2024 3:50:00 PM,03BAT_MECO1,N,N,N,32254.5819,32254.5819,8283.0442,32254.5819,32254.5819,
7/19/2024 3:50:00 PM,03BAT_MECO2,N,N,N,32254.5819,32254.5819,8283.0442,32254.5819,32254.5819,
7/19/2024 3:50:00 PM,03BAT_ROS01,N,N,N,32254.5819,32254.5819,8283.0442,32254.5819,32254.5819,
7/19/2024 3:50:00 PM,03BAT_T1L1,N,N,N,32360.9263,32360.9263,8283.0442,32360.9263,32360.9263,
7/19/2024 3:50:00 PM,03BAT_T2L1,N,N,N,32228.8014,32228.8014,8283.0442,32228.8014,32228.8014,
7/19/2024 3:50:00 PM,03BBEC_G01,N,N,N,30772.2052,30772.2052,7977.9992,30772.2052,30772.2052,
7/19/2024 3:50:00 PM,03BINAN_SS,N,N,N,32454.3804,32454.3804,8283.0442,32454.3804,32454.3804,
7/19/2024 3:50:00 PM,03BINAN_T1L1,N,N,N,32499.4963,32499.4963,8283.0442,32499.4963,32499.4963,
7/19/2024 3:50:00 PM,03BOTOCA_G01,N,N,N,32228.8014,32228.8014,8115.5439,32228.8014,32228.8014,
7/19/2024 3:50:00 PM,03BOTOCA_L01,N,N,N,32228.8014,32228.8014,8283.0442,32228.8014,32228.8014,
7/19/2024 3:50:00 PM,03BOTOCA_SS,N,N,N,32228.8014,32228.8014,8283.0442,32228.8014,32228.8014,
7/19/2024 3:50:00 PM,03CADPI_G01,N,N,N,31071.9031,31071.9031,7758.4605,31071.9031,31071.9031,
7/19/2024 3:50:00 PM,03CALACA_G01,N,N,N,32225.5788,32225.5788,7816.2772,32225.5788,32225.5788,
7/19/2024 3:50:00 PM,03CALACA_G02,N,N,N,31030.0099,31030.0099,7758.6622,31030.0099,31030.0099,
7/19/2024 3:50:00 PM,03CALAMBA_L01,N,N,N,32502.7188,32502.7188,8283.0442,32502.7188,32502.7188,
7/19/2024 3:50:00 PM,03CALAMBA_SS,N,N,N,32444.7128,32444.7128,8283.0442,32444.7128,32444.7128,
7/19/2024 3:50:00 PM,03CALAU_SS,N,N,N,32570.3925,32570.3925,8283.0442,32570.3925,32570.3925,
7/19/2024 3:50:00 PM,03CALAU_T1L1,N,N,N,32615.5083,32615.5083,8283.0442,32615.5083,32615.5083,
7/19/2024 3:50:00 PM,03CALIRY_G01,N,N,N,32228.8014,32228.8014,8112.0207,32228.8014,32228.8014,
7/19/2024 3:50:00 PM,03CALIRY_SS,N,N,N,32228.8014,32228.8014,8283.0442,32228.8014,32228.8014,
7/19/2024 3:50:00 PM,03CALIRY_SS1,N,N,N,32228.8014,32228.8014,8283.0442,32228.8014,32228.8014,
7/19/2024 3:50:00 PM,03CALIR_TAL1,N,N,N,32232.0240,32232.0240,8283.0442,32232.0240,32232.0240,
7/19/2024 3:50:00 PM,03CALI_FLECO,N,N,N,32232.0240,32232.0240,8283.0442,32232.0240,32232.0240,
7/19/2024 3:50:00 PM,03CALSOL_G01,N,N,N,31071.9031,31071.9031,9173.3274,31071.9031,31071.9031,
7/19/2024 3:50:00 PM,03CLABSOL_G01,N,N,N,30772.2052,30772.2052,7964.8267,30772.2052,30772.2052,
7/19/2024 3:50:00 PM,03CLACA_SS,N,N,N,31468.2777,31468.2777,8283.0442,31468.2777,31468.2777,
7/19/2024 3:50:00 PM,03CLA_BCNOT,N,N,N,30920.4429,30920.4429,8283.0442,30920.4429,30920.4429,
7/19/2024 3:50:00 PM,03CLA_BTLEC1,N,N,N,31071.9031,31071.9031,8283.0442,31071.9031,31071.9031,
7/19/2024 3:50:00 PM,03CLA_STLCOR,N,N,N,31071.9031,31071.9031,8283.0442,31071.9031,31071.9031,
7/19/2024 3:50:00 PM,03CLA_T1L1,N,N,N,31071.9031,31071.9031,8283.0442,31071.9031,31071.9031,
7/19/2024 3:50:00 PM,03CLBATO_G01,N,N,N,32615.5083,32615.5083,7327.7693,32615.5083,32615.5083,
7/19/2024 3:50:00 PM,03COLASI_G01,N,N,N,31555.2868,31555.2868,7895.9513,31555.2868,31555.2868,
7/19/2024 3:50:00 PM,03DARAG_SS,N,N,N,30514.4006,30514.4006,8283.0442,30514.4006,30514.4006,
7/19/2024 3:50:00 PM,03DARAG_T1L1,N,N,N,32225.5788,32225.5788,8283.0442,32225.5788,32225.5788,
7/19/2024 3:50:00 PM,03DAR_ALECO,N,N,N,30562.7390,30562.7390,8283.0442,30562.7390,30562.7390,
7/19/2024 3:50:00 PM,03DAR_SRECO2,N,N,N,30565.9615,30565.9615,8283.0442,30565.9615,30565.9615,
7/19/2024 3:50:00 PM,03DAR_STDOM,N,N,N,30562.7390,30562.7390,8283.0442,30562.7390,30562.7390,
7/19/2024 3:50:00 PM,03DASMA_L01,N,N,N,32341.5909,32341.5909,8283.0442,32341.5909,32341.5909,
7/19/2024 3:50:00 PM,03DASMA_SS,N,N,N,32228.8014,32228.8014,8283.0442,32228.8014,32228.8014,
7/19/2024 3:50:00 PM,03EERI_G01,N,N,N,31600.4026,31600.4026,7927.0623,31600.4026,31600.4026,
7/19/2024 3:50:00 PM,03EERI_G02,N,N,N,31600.4026,31600.4026,7480.5891,31600.4026,31600.4026,
7/19/2024 3:50:00 PM,03EERI_G03,N,N,N,32225.5788,32225.5788,7610.0651,32225.5788,32225.5788,
7/19/2024 3:50:00 PM,03EERI_L01,N,N,N,31600.4026,31600.4026,8283.0442,31600.4026,31600.4026,
7/19/2024 3:50:00 PM,03EERI_SS,N,N,N,31600.4026,31600.4026,8283.0442,31600.4026,31600.4026,
7/19/2024 3:50:00 PM,03GUMAC_SS,N,N,N,32025.7802,32025.7802,8283.0442,32025.7802,32025.7802,
7/19/2024 3:50:00 PM,03GUMAC_T1L1,N,N,N,32048.3382,32048.3382,8283.0442,32048.3382,32048.3382,
7/19/2024 3:50:00 PM,03GUMAC_T1L2,N,N,N,32048.3382,32048.3382,8283.0442,32048.3382,32048.3382,
7/19/2024 3:50:00 PM,03GUMAC_T1L3,N,N,N,32048.3382,32048.3382,8283.0442,32048.3382,32048.3382,
7/19/2024 3:50:00 PM,03GUMAC_T1L4,N,N,N,32048.3382,32048.3382,8283.0442,32048.3382,32048.3382,
7/19/2024 3:50:00 PM,03ILIJAN_G01,N,N,N,31587.5124,31587.5124,7596.2050,31587.5124,31587.5124,
7/19/2024 3:50:00 PM,03ILIJAN_G02,N,N,N,31590.7349,31590.7349,8150.3740,31590.7349,31590.7349,
7/19/2024 3:50:00 PM,03ILIJAN_SS,N,N,N,31587.5124,31587.5124,8283.0442,31587.5124,31587.5124,
7/19/2024 3:50:00 PM,03ILIJAN_SS2,N,N,N,31590.7349,31590.7349,8283.0442,31590.7349,31590.7349,
7/19/2024 3:50:00 PM,03INARI_G01,N,N,N,30772.2052,30772.2052,7554.0553,30772.2052,30772.2052,
7/19/2024 3:50:00 PM,03INGRID_GS1,N,N,N,32699.2948,32699.2948,8677.5144,32699.2948,32699.2948,
7/19/2024 3:50:00 PM,03INGRID_GS2,N,N,N,32699.2948,32699.2948,7235.6369,32699.2948,32699.2948,
7/19/2024 3:50:00 PM,03INGRID_GS3,N,N,N,32699.2948,32699.2948,8207.0273,32699.2948,32699.2948,
7/19/2024 3:50:00 PM,03INGRID_GS4,N,N,N,32699.2948,32699.2948,7585.5533,32699.2948,32699.2948,
7/19/2024 3:50:00 PM,03INGRID_GS5,N,N,N,32576.8376,32576.8376,8214.7265,32576.8376,32576.8376,
7/19/2024 3:50:00 PM,03INGRID_GS6,N,N,N,32576.8376,32576.8376,8828.1924,32576.8376,32576.8376,
7/19/2024 3:50:00 PM,03KAL_E_T1L1,N,N,N,32354.4812,32354.4812,8283.0442,32354.4812,32354.4812,
7/19/2024 3:50:00 PM,03KAL_G01,N,N,N,32348.0360,32348.0360,8631.4633,32348.0360,32348.0360,
7/19/2024 3:50:00 PM,03KAL_G02,N,N,N,32335.1458,32335.1458,7070.9650,32335.1458,32335.1458,
7/19/2024 3:50:00 PM,03KAL_G03,N,N,N,32335.1458,32335.1458,7027.9822,32335.1458,32335.1458,
7/19/2024 3:50:00 PM,03KAL_G04,N,N,N,32331.9232,32331.9232,8041.3749,32331.9232,32331.9232,
7/19/2024 3:50:00 PM,03KAL_SS,N,N,N,32348.0360,32348.0360,8283.0442,32348.0360,32348.0360,
7/19/2024 3:50:00 PM,03LABO_SS,N,N,N,31519.8387,31519.8387,8283.0442,31519.8387,31519.8387,
7/19/2024 3:50:00 PM,03LABO_T1L1,N,N,N,31555.2868,31555.2868,8283.0442,31555.2868,31555.2868,
7/19/2024 3:50:00 PM,03LABO_T1L2,N,N,N,31539.1740,31539.1740,8283.0442,31539.1740,31539.1740,
7/19/2024 3:50:00 PM,03LMHP_G01,N,N,N,31036.4550,31036.4550,7795.0621,31036.4550,31036.4550,
7/19/2024 3:50:00 PM,03LUMBAN_BAT,N,N,N,32354.4812,32354.4812,8146.5551,32354.4812,32354.4812,
7/19/2024 3:50:00 PM,03LUMBAN_BATL,N,N,N,32354.4812,32354.4812,8283.0442,32354.4812,32354.4812,
7/19/2024 3:50:00 PM,03LUMBAN_SS,N,N,N,32360.9263,32360.9263,8283.0442,32360.9263,32360.9263,
7/19/2024 3:50:00 PM,03LWERLAB_G01,N,N,N,32354.4812,32354.4812,8691.2814,32354.4812,32354.4812,
7/19/2024 3:50:00 PM,03MAJAY_G01,N,N,N,32228.8014,32228.8014,9687.4462,32228.8014,32228.8014,
7/19/2024 3:50:00 PM,03MAKBA_T3L1,N,N,N,32344.8135,32344.8135,8283.0442,32344.8135,32344.8135,
7/19/2024 3:50:00 PM,03MAKBA_T3L2,N,N,N,32225.5788,32225.5788,8283.0442,32225.5788,32225.5788,
7/19/2024 3:50:00 PM,03MALAYA_G01,N,N,N,32702.5174,32702.5174,8215.1070,32702.5174,32702.5174,
7/19/2024 3:50:00 PM,03MALAYA_G02,N,N,N,32225.5788,32225.5788,8084.1532,32225.5788,32225.5788,
7/19/2024 3:50:00 PM,03MEC_G01,N,N,N,32341.5909,32341.5909,10510.9432,32341.5909,32341.5909,
7/19/2024 3:50:00 PM,03MGI_G02,N,N,N,32615.5083,32615.5083,8212.1920,32615.5083,32615.5083,
7/19/2024 3:50:00 PM,03MGPP_G01,N,N,N,32615.5083,32615.5083,8206.4963,32615.5083,32615.5083,
7/19/2024 3:50:00 PM,03MKBNA_SS,N,N,N,32341.5909,32341.5909,8283.0442,32341.5909,32341.5909,
7/19/2024 3:50:00 PM,03MKBNB_SS,N,N,N,32335.1458,32335.1458,8283.0442,32335.1458,32335.1458,
7/19/2024 3:50:00 PM,03MKBNC_SS,N,N,N,32225.5788,32225.5788,8283.0442,32225.5788,32225.5788,
7/19/2024 3:50:00 PM,03MKBND_SS,N,N,N,32328.7007,32328.7007,8283.0442,32328.7007,32328.7007,
7/19/2024 3:50:00 PM,03MKBNE_SS,N,N,N,32344.8135,32344.8135,8283.0442,32344.8135,32344.8135,
7/19/2024 3:50:00 PM,03MKBN_A,N,N,N,32145.0149,32145.0149,8401.3469,32145.0149,32145.0149,
7/19/2024 3:50:00 PM,03MKBN_B,N,N,N,32319.0330,32319.0330,8083.8904,32319.0330,32319.0330,
7/19/2024 3:50:00 PM,03MKBN_C,N,N,N,32225.5788,32225.5788,8084.1532,32225.5788,32225.5788,
7/19/2024 3:50:00 PM,03MKBN_D,N,N,N,32315.8105,32315.8105,8048.7180,32315.8105,32315.8105,
7/19/2024 3:50:00 PM,03MKBN_E,N,N,N,32344.8135,32344.8135,8097.4635,32344.8135,32344.8135,
7/19/2024 3:50:00 PM,03MKBN_SLACE,N,N,N,32344.8135,32344.8135,8283.0442,32344.8135,32344.8135,
7/19/2024 3:50:00 PM,03MLAYA_L01,N,N,N,32702.5174,32702.5174,8283.0442,32702.5174,32702.5174,
7/19/2024 3:50:00 PM,03MLAYA_SS,N,N,N,32702.5174,32702.5174,8283.0442,32702.5174,32702.5174,
7/19/2024 3:50:00 PM,03MLAYA_SS1,N,N,N,32702.5174,32702.5174,8283.0442,32702.5174,32702.5174,
7/19/2024 3:50:00 PM,03MLAYA_T2L1,N,N,N,32702.5174,32702.5174,8283.0442,32702.5174,32702.5174,
7/19/2024 3:50:00 PM,03MLAYA_T2L2,N,N,N,32225.5788,32225.5788,8283.0442,32225.5788,32225.5788,
7/19/2024 3:50:00 PM,03NAG_CSRC2B,N,N,N,30772.2052,30772.2052,8283.0442,30772.2052,30772.2052,
7/19/2024 3:50:00 PM,03NAG_CSRCO1,N,N,N,30772.2052,30772.2052,8283.0442,30772.2052,30772.2052,
7/19/2024 3:50:00 PM,03NAG_CSRCO2,N,N,N,30772.2052,30772.2052,8283.0442,30772.2052,30772.2052,
7/19/2024 3:50:00 PM,03NAG_CSRCO3,N,N,N,30772.2052,30772.2052,8283.0442,30772.2052,30772.2052,
7/19/2024 3:50:00 PM,03NAG_CSRCO4,N,N,N,30772.2052,30772.2052,8283.0442,30772.2052,30772.2052,
7/19/2024 3:50:00 PM,03NAG_SS,N,N,N,30772.2052,30772.2052,8283.0442,30772.2052,30772.2052,
7/19/2024 3:50:00 PM,03ORMAT_G01,N,N,N,32344.8135,32344.8135,8827.8251,32344.8135,32344.8135,
7/19/2024 3:50:00 PM,03ORMAT_SS,N,N,N,32344.8135,32344.8135,8283.0442,32344.8135,32344.8135,
7/19/2024 3:50:00 PM,03PAGBIL_G01,N,N,N,31432.8296,31432.8296,11373.7772,31432.8296,31432.8296,
7/19/2024 3:50:00 PM,03PAGBIL_G02,N,N,N,31423.1619,31423.1619,7898.8683,31423.1619,31423.1619,
7/19/2024 3:50:00 PM,03PAGBIL_G03,N,N,N,31419.9394,31419.9394,7857.5887,31419.9394,31419.9394,
7/19/2024 3:50:00 PM,03PAGEHV_SS,N,N,N,31622.9605,31622.9605,8283.0442,31622.9605,31622.9605,
7/19/2024 3:50:00 PM,03PALAK_G01,N,N,N,32615.5083,32615.5083,7975.0277,32615.5083,32615.5083,
7/19/2024 3:50:00 PM,03PALAYAN_G01,N,N,N,30176.0320,30176.0320,8610.7992,30176.0320,30176.0320,
7/19/2024 3:50:00 PM,03PGBIL_SS,N,N,N,31432.8296,31432.8296,8283.0442,31432.8296,31432.8296,
7/19/2024 3:50:00 PM,03PGBIL_SS1,N,N,N,31432.8296,31432.8296,8283.0442,31432.8296,31432.8296,
7/19/2024 3:50:00 PM,03PGBIL_SS2,N,N,N,31432.8296,31432.8296,8283.0442,31432.8296,31432.8296,
7/19/2024 3:50:00 PM,03QPPL_G01,N,N,N,31036.4550,31036.4550,6637.6580,31036.4550,31036.4550,
7/19/2024 3:50:00 PM,03QPPL_SU1,N,N,N,31036.4550,31036.4550,8283.0442,31036.4550,31036.4550,
7/19/2024 3:50:00 PM,03QPPL_T5L1,N,N,N,31036.4550,31036.4550,8283.0442,31036.4550,31036.4550,
7/19/2024 3:50:00 PM,03RCBMI_G01,N,N,N,32228.8014,32228.8014,8067.0225,32228.8014,32228.8014,
7/19/2024 3:50:00 PM,03RCBMI_G02,N,N,N,32228.8014,32228.8014,11746.3945,32228.8014,32228.8014,
7/19/2024 3:50:00 PM,03SBPL_G01,N,N,N,31036.4550,31036.4550,7789.7804,31036.4550,31036.4550,
7/19/2024 3:50:00 PM,03SBPL_L01,N,N,N,31036.4550,31036.4550,8283.0442,31036.4550,31036.4550,
7/19/2024 3:50:00 PM,03SLPGC_G01,N,N,N,30878.5496,30878.5496,6559.1232,30878.5496,30878.5496,
7/19/2024 3:50:00 PM,03SLPGC_G02,N,N,N,30868.8820,30868.8820,7712.2536,30868.8820,30868.8820,
7/19/2024 3:50:00 PM,03SLPGC_SS,N,N,N,31033.2324,31033.2324,8283.0442,31033.2324,31033.2324,
7/19/2024 3:50:00 PM,03SLTEC_G01,N,N,N,30897.8850,30897.8850,7702.9331,30897.8850,30897.8850,
7/19/2024 3:50:00 PM,03SLTEC_G02,N,N,N,30897.8850,30897.8850,7724.7040,30897.8850,30897.8850,
7/19/2024 3:50:00 PM,03SLTEC_SS,N,N,N,30920.4429,30920.4429,8283.0442,30920.4429,30920.4429,
7/19/2024 3:50:00 PM,03SNGAB_G01,N,N,N,32135.3472,32135.3472,9035.7186,32135.3472,32135.3472,
7/19/2024 3:50:00 PM,03SNGAB_S01,N,N,N,32135.3472,32135.3472,8283.0442,32135.3472,32135.3472,
7/19/2024 3:50:00 PM,03SOLACE_G01,N,N,N,32344.8135,32344.8135,9321.2189,32344.8135,32344.8135,
7/19/2024 3:50:00 PM,03STA-RI_G01,N,N,N,30379.0532,30379.0532,8040.9518,30379.0532,30379.0532,
7/19/2024 3:50:00 PM,03STA-RI_G02,N,N,N,30504.7329,30504.7329,8071.2823,30504.7329,30504.7329,
7/19/2024 3:50:00 PM,03STA-RI_G03,N,N,N,30504.7329,30504.7329,8088.8181,30504.7329,30504.7329,
7/19/2024 3:50:00 PM,03STA-RI_G04,N,N,N,30504.7329,30504.7329,8099.1133,30504.7329,30504.7329,
7/19/2024 3:50:00 PM,03STA-RI_G05,N,N,N,32119.2344,32119.2344,8339.1771,32119.2344,32119.2344,
7/19/2024 3:50:00 PM,03STA-RI_G06,N,N,N,32119.2344,32119.2344,9587.5108,32119.2344,32119.2344,
7/19/2024 3:50:00 PM,03STAR_SS1,N,N,N,30379.0532,30379.0532,8283.0442,30379.0532,30379.0532,
7/19/2024 3:50:00 PM,03STAR_SS2,N,N,N,30504.7329,30504.7329,8283.0442,30504.7329,30504.7329,
7/19/2024 3:50:00 PM,03STAR_SS3,N,N,N,30504.7329,30504.7329,8283.0442,30504.7329,30504.7329,
7/19/2024 3:50:00 PM,03STAR_SS4,N,N,N,30504.7329,30504.7329,8283.0442,30504.7329,30504.7329,
7/19/2024 3:50:00 PM,03STAR_SS5,N,N,N,32119.2344,32119.2344,8283.0442,32119.2344,32119.2344,
7/19/2024 3:50:00 PM,03STAR_SS6,N,N,N,32119.2344,32119.2344,8283.0442,32119.2344,32119.2344,
7/19/2024 3:50:00 PM,03STROS_T1L1,N,N,N,32467.2707,32467.2707,8283.0442,32467.2707,32467.2707,
7/19/2024 3:50:00 PM,03TAYAB_SS,N,N,N,31671.2989,31671.2989,8283.0442,31671.2989,31671.2989,
7/19/2024 3:50:00 PM,03TAYAB_T1L1,N,N,N,31658.4086,31658.4086,8283.0442,31658.4086,31658.4086,
7/19/2024 3:50:00 PM,03TAYAB_T1L2,N,N,N,31658.4086,31658.4086,8283.0442,31658.4086,31658.4086,
7/19/2024 3:50:00 PM,03TGPP_G01,N,N,N,30611.0773,30611.0773,7876.2379,30611.0773,30611.0773,
7/19/2024 3:50:00 PM,03TGPP_L01,N,N,N,30611.0773,30611.0773,8283.0442,30611.0773,30611.0773,
7/19/2024 3:50:00 PM,03TIBAG_G01,N,N,N,32354.4812,32354.4812,8146.5551,32354.4812,32354.4812,
7/19/2024 3:50:00 PM,03TIWIA_SS,N,N,N,30630.4127,30630.4127,8283.0442,30630.4127,30630.4127,
7/19/2024 3:50:00 PM,03TIWIC_L01,N,N,N,32225.5788,32225.5788,8283.0442,32225.5788,32225.5788,
7/19/2024 3:50:00 PM,03TIWIC_SS,N,N,N,30630.4127,30630.4127,8283.0442,30630.4127,30630.4127,
7/19/2024 3:50:00 PM,03TIWI_A,N,N,N,32225.5788,32225.5788,7898.4869,32225.5788,32225.5788,
7/19/2024 3:50:00 PM,03TIWI_C,N,N,N,30620.7450,30620.7450,7957.8954,30620.7450,30620.7450,
7/19/2024 3:50:00 PM,03UPLAB_G01,N,N,N,32354.4812,32354.4812,8132.3843,32354.4812,32354.4812,
7/19/2024 3:50:00 PM,04BABAT_SS,N,N,N,35538.3683,35538.3683,8283.0442,35538.3683,35538.3683,
7/19/2024 3:50:00 PM,04BABAT_T1L1,N,N,N,35548.0360,35548.0360,8283.0442,35548.0360,35548.0360,
7/19/2024 3:50:00 PM,04BAGLI_T1L1,N,N,N,35570.5939,35570.5939,8283.0442,35570.5939,35570.5939,
7/19/2024 3:50:00 PM,04BAGLI_T1L2,N,N,N,35570.5939,35570.5939,8283.0442,35570.5939,35570.5939,
7/19/2024 3:50:00 PM,04BILGPP_G01,N,N,N,34271.9031,34271.9031,7877.0924,34271.9031,34271.9031,
7/19/2024 3:50:00 PM,04CLBYBNK_G01,N,N,N,36385.9011,36385.9011,8374.3249,36385.9011,36385.9011,
7/19/2024 3:50:00 PM,04CLBYOG_L02,N,N,N,36385.9011,36385.9011,8283.0442,36385.9011,36385.9011,
7/19/2024 3:50:00 PM,04CLBYOG_SS,N,N,N,36376.2334,36376.2334,8283.0442,36376.2334,36376.2334,
7/19/2024 3:50:00 PM,04IASMOD_G01,N,N,N,34162.3361,34162.3361,3981.2528,34162.3361,34162.3361,
7/19/2024 3:50:00 PM,04IASMOD_G02,N,N,N,34162.3361,34162.3361,6673.9852,34162.3361,34162.3361,
7/19/2024 3:50:00 PM,04IASMOD_G03,N,N,N,34162.3361,34162.3361,6172.9432,34162.3361,34162.3361,
7/19/2024 3:50:00 PM,04IASMOD_G04,N,N,N,34162.3361,34162.3361,6421.0327,34162.3361,34162.3361,
7/19/2024 3:50:00 PM,04IASMOD_G05,N,N,N,34162.3361,34162.3361,5839.7565,34162.3361,34162.3361,
7/19/2024 3:50:00 PM,04IASMOD_G06,N,N,N,34162.3361,34162.3361,9244.0624,34162.3361,34162.3361,
7/19/2024 3:50:00 PM,04ISABE_SS,N,N,N,34162.3361,34162.3361,8283.0442,34162.3361,34162.3361,
7/19/2024 3:50:00 PM,04ISABE_T1L1,N,N,N,34162.3361,34162.3361,8283.0442,34162.3361,34162.3361,
7/19/2024 3:50:00 PM,04ISABE_T2L1,N,N,N,34162.3361,34162.3361,8283.0442,34162.3361,34162.3361,
7/19/2024 3:50:00 PM,04ISABE_T3L1,N,N,N,34162.3361,34162.3361,8283.0442,34162.3361,34162.3361,
7/19/2024 3:50:00 PM,04ISABE_T4L2,N,N,N,34162.3361,34162.3361,8283.0442,34162.3361,34162.3361,
7/19/2024 3:50:00 PM,04ISABE_T5L2,N,N,N,34162.3361,34162.3361,8283.0442,34162.3361,34162.3361,
7/19/2024 3:50:00 PM,04LEYTE_A,N,N,N,34226.7873,34226.7873,7684.6722,34226.7873,34226.7873,
7/19/2024 3:50:00 PM,04LEYTE_S01,N,N,N,34226.7873,34226.7873,8283.0442,34226.7873,34226.7873,
7/19/2024 3:50:00 PM,04LGPP_G01,N,N,N,33985.0954,33985.0954,7926.4831,33985.0954,33985.0954,
7/19/2024 3:50:00 PM,04MAASI_SS,N,N,N,36688.8215,36688.8215,8283.0442,36688.8215,36688.8215,
7/19/2024 3:50:00 PM,04MAASI_T1L1,N,N,N,36766.1629,36766.1629,8283.0442,36766.1629,36766.1629,
7/19/2024 3:50:00 PM,04MAASI_T2L2,N,N,N,36766.1629,36766.1629,8283.0442,36766.1629,36766.1629,
7/19/2024 3:50:00 PM,04ORMOC_BAT,N,N,N,34271.9031,34271.9031,7877.0924,34271.9031,34271.9031,
7/19/2024 3:50:00 PM,04ORMOC_SS,N,N,N,34265.4580,34265.4580,8283.0442,34265.4580,34265.4580,
7/19/2024 3:50:00 PM,04ORMOC_T2L1,N,N,N,34271.9031,34271.9031,8283.0442,34271.9031,34271.9031,
7/19/2024 3:50:00 PM,04ORMOC_T2L2,N,N,N,34271.9031,34271.9031,8283.0442,34271.9031,34271.9031,
7/19/2024 3:50:00 PM,04PARA_SS,N,N,N,36015.3069,36015.3069,8283.0442,36015.3069,36015.3069,
7/19/2024 3:50:00 PM,04PHSOL_G01,N,N,N,34271.9031,34271.9031,7901.5544,34271.9031,34271.9031,
7/19/2024 3:50:00 PM,04SEPSOL_G01,N,N,N,34271.9031,34271.9031,10220.7456,34271.9031,34271.9031,
7/19/2024 3:50:00 PM,04SNAGU_L01,N,N,N,37291.4398,37291.4398,8283.0442,37291.4398,37291.4398,
7/19/2024 3:50:00 PM,04STAR_SS,N,N,N,35567.3714,35567.3714,8283.0442,35567.3714,35567.3714,
7/19/2024 3:50:00 PM,04TABAN_SS,N,N,N,33956.0924,33956.0924,8283.0442,33956.0924,33956.0924,
7/19/2024 3:50:00 PM,04TABAN_T1L1,N,N,N,32225.5788,32225.5788,8283.0442,32225.5788,32225.5788,
7/19/2024 3:50:00 PM,04TAFT_G01,N,N,N,35606.0421,35606.0421,8403.1353,35606.0421,35606.0421,
7/19/2024 3:50:00 PM,04TONGO_T2L2,N,N,N,34007.6533,34007.6533,8283.0442,34007.6533,34007.6533,
7/19/2024 3:50:00 PM,04WRIGH_T1L1,N,N,N,36015.3069,36015.3069,8283.0442,36015.3069,36015.3069,
7/19/2024 3:50:00 PM,04WRIGH_T2L2,N,N,N,35618.9323,35618.9323,8283.0442,35618.9323,35618.9323,
7/19/2024 3:50:00 PM,05BANIL_T1L1,N,N,N,32551.0572,32551.0572,8283.0442,32551.0572,32551.0572,
7/19/2024 3:50:00 PM,05BANIL_T1L2,N,N,N,32554.2797,32554.2797,8283.0442,32554.2797,32554.2797,
7/19/2024 3:50:00 PM,05BANIL_T1L3,N,N,N,32541.3895,32541.3895,8283.0442,32541.3895,32541.3895,
7/19/2024 3:50:00 PM,05CALUNG_CEP,N,N,N,31835.6493,31835.6493,8283.0442,31835.6493,31835.6493,
7/19/2024 3:50:00 PM,05CARMENDPP_U01,N,N,N,31970.9968,31970.9968,5257.7478,31970.9968,31970.9968,
7/19/2024 3:50:00 PM,05CARMENDPP_U02,N,N,N,31970.9968,31970.9968,5257.7478,31970.9968,31970.9968,
7/19/2024 3:50:00 PM,05CARMENDPP_U03,N,N,N,31970.9968,31970.9968,5257.7478,31970.9968,31970.9968,
7/19/2024 3:50:00 PM,05CARMENDPP_U04,N,N,N,31970.9968,31970.9968,5257.7478,31970.9968,31970.9968,
7/19/2024 3:50:00 PM,05CDPPI_SS1,N,N,N,32219.1337,32219.1337,8283.0442,32219.1337,32219.1337,
7/19/2024 3:50:00 PM,05CDPPI_SS2,N,N,N,32219.1337,32219.1337,8283.0442,32219.1337,32219.1337,
7/19/2024 3:50:00 PM,05CEBU_SS,N,N,N,32370.5939,32370.5939,8283.0442,32370.5939,32370.5939,
7/19/2024 3:50:00 PM,05CEDC_SS,N,N,N,31780.8658,31780.8658,8283.0442,31780.8658,31780.8658,
7/19/2024 3:50:00 PM,05CEDC_U01,N,N,N,31774.4207,31774.4207,8922.0257,31774.4207,31774.4207,
7/19/2024 3:50:00 PM,05CEDC_U02,N,N,N,31774.4207,31774.4207,7999.4501,31774.4207,31774.4207,
7/19/2024 3:50:00 PM,05CEDC_U03,N,N,N,31774.4207,31774.4207,8919.7384,31774.4207,31774.4207,
7/19/2024 3:50:00 PM,05CEMEX_L01,N,N,N,32225.5788,32225.5788,8283.0442,32225.5788,32225.5788,
7/19/2024 3:50:00 PM,05COLON_L01,N,N,N,32235.2465,32235.2465,8283.0442,32235.2465,32235.2465,
7/19/2024 3:50:00 PM,05COMPS_SS,N,N,N,32886.2032,32886.2032,8283.0442,32886.2032,32886.2032,
7/19/2024 3:50:00 PM,05COMPS_T1L1,N,N,N,32931.3190,32931.3190,8283.0442,32931.3190,32931.3190,
7/19/2024 3:50:00 PM,05COMPS_T2L2,N,N,N,32931.3190,32931.3190,8283.0442,32931.3190,32931.3190,
7/19/2024 3:50:00 PM,05CPPC_U01,N,N,N,32454.3804,32454.3804,9626.2988,32454.3804,32454.3804,
7/19/2024 3:50:00 PM,05CPPC_U02,N,N,N,32454.3804,32454.3804,11919.5183,32454.3804,32454.3804,
7/19/2024 3:50:00 PM,05CPPC_U03,N,N,N,32454.3804,32454.3804,11925.9023,32454.3804,32454.3804,
7/19/2024 3:50:00 PM,05CPPC_U04,N,N,N,32454.3804,32454.3804,11925.8574,32454.3804,32454.3804,
7/19/2024 3:50:00 PM,05CPPC_U05,N,N,N,32454.3804,32454.3804,11925.7880,32454.3804,32454.3804,
7/19/2024 3:50:00 PM,05CPPC_U06,N,N,N,32454.3804,32454.3804,8143.7139,32454.3804,32454.3804,
7/19/2024 3:50:00 PM,05CPPC_U07,N,N,N,32454.3804,32454.3804,8143.7139,32454.3804,32454.3804,
7/19/2024 3:50:00 PM,05CPPC_U08,N,N,N,32454.3804,32454.3804,8143.7139,32454.3804,32454.3804,
7/19/2024 3:50:00 PM,05CPPC_U09,N,N,N,32454.3804,32454.3804,8143.7139,32454.3804,32454.3804,
7/19/2024 3:50:00 PM,05CPPC_U10,N,N,N,32454.3804,32454.3804,8143.7139,32454.3804,32454.3804,
7/19/2024 3:50:00 PM,05DAANB_SS,N,N,N,33537.1599,33537.1599,8283.0442,33537.1599,33537.1599,
7/19/2024 3:50:00 PM,05DMAN_SS,N,N,N,31748.6403,31748.6403,8283.0442,31748.6403,31748.6403,
7/19/2024 3:50:00 PM,05DMA_L01,N,N,N,31687.4117,31687.4117,8283.0442,31687.4117,31687.4117,
7/19/2024 3:50:00 PM,05EAUC_U01,N,N,N,32789.5265,32789.5265,8212.4981,32789.5265,32789.5265,
7/19/2024 3:50:00 PM,05EAUC_U02,N,N,N,32789.5265,32789.5265,12001.2481,32789.5265,32789.5265,
7/19/2024 3:50:00 PM,05EAUC_U03,N,N,N,32789.5265,32789.5265,9553.5951,32789.5265,32789.5265,
7/19/2024 3:50:00 PM,05EAUC_U04,N,N,N,32789.5265,32789.5265,12030.1968,32789.5265,32789.5265,
7/19/2024 3:50:00 PM,05KSPC_G01,N,N,N,32206.2435,32206.2435,8078.5167,32206.2435,32206.2435,
7/19/2024 3:50:00 PM,05KSPC_G02,N,N,N,32225.5788,32225.5788,8552.6119,32225.5788,32225.5788,
7/19/2024 3:50:00 PM,05KSPC_SS1,N,N,N,32206.2435,32206.2435,8283.0442,32206.2435,32206.2435,
7/19/2024 3:50:00 PM,05KSPC_SS2,N,N,N,32215.9112,32215.9112,8283.0442,32215.9112,32215.9112,
7/19/2024 3:50:00 PM,05LAPU_SS,N,N,N,32747.6332,32747.6332,8283.0442,32747.6332,32747.6332,
7/19/2024 3:50:00 PM,05MCTAN_T1L1,N,N,N,32789.5265,32789.5265,8283.0442,32789.5265,32789.5265,
7/19/2024 3:50:00 PM,05MNDUE_SS,N,N,N,32718.6302,32718.6302,8283.0442,32718.6302,32718.6302,
7/19/2024 3:50:00 PM,05MNDUE_T1L1,N,N,N,32760.5234,32760.5234,8283.0442,32760.5234,32760.5234,
7/19/2024 3:50:00 PM,05MNDUE_T1L2,N,N,N,32760.5234,32760.5234,8283.0442,32760.5234,32760.5234,
7/19/2024 3:50:00 PM,05MNDUE_T1L4,N,N,N,32760.5234,32760.5234,8283.0442,32760.5234,32760.5234,
7/19/2024 3:50:00 PM,05MNDUE_T1L5,N,N,N,32760.5234,32760.5234,8283.0442,32760.5234,32760.5234,
7/19/2024 3:50:00 PM,05NAGA_T1L1,N,N,N,32225.5788,32225.5788,8283.0442,32225.5788,32225.5788,
7/19/2024 3:50:00 PM,05NAGA_T2L2,N,N,N,32225.5788,32225.5788,8283.0442,32225.5788,32225.5788,
7/19/2024 3:50:00 PM,05NAGLES_L01,N,N,N,32273.9172,32273.9172,8283.0442,32273.9172,32273.9172,
7/19/2024 3:50:00 PM,05NNAGVE_L01,N,N,N,32225.5788,32225.5788,8283.0442,32225.5788,32225.5788,
7/19/2024 3:50:00 PM,05NNAGVE_L02,N,N,N,32225.5788,32225.5788,8283.0442,32225.5788,32225.5788,
7/19/2024 3:50:00 PM,05QUIOT_T1L1,N,N,N,32454.3804,32454.3804,8283.0442,32454.3804,32454.3804,
7/19/2024 3:50:00 PM,05SAMB_L01,N,N,N,31368.3784,31368.3784,8283.0442,31368.3784,31368.3784,
7/19/2024 3:50:00 PM,05SAMB_L02,N,N,N,32225.5788,32225.5788,8283.0442,32225.5788,32225.5788,
7/19/2024 3:50:00 PM,05SAMB_SS,N,N,N,31368.3784,31368.3784,8283.0442,31368.3784,31368.3784,
7/19/2024 3:50:00 PM,05TALATR1_SS,N,N,N,31835.6493,31835.6493,8283.0442,31835.6493,31835.6493,
7/19/2024 3:50:00 PM,05TALAV_SS,N,N,N,31832.4268,31832.4268,8283.0442,31832.4268,31832.4268,
7/19/2024 3:50:00 PM,05TALAV_T1L1,N,N,N,31835.6493,31835.6493,8283.0442,31835.6493,31835.6493,
7/19/2024 3:50:00 PM,05TALIS_T1L1,N,N,N,32225.5788,32225.5788,8283.0442,32225.5788,32225.5788,
7/19/2024 3:50:00 PM,05THVI_SS1,N,N,N,31916.2133,31916.2133,8283.0442,31916.2133,31916.2133,
7/19/2024 3:50:00 PM,05THVI_SS2,N,N,N,31916.2133,31916.2133,8283.0442,31916.2133,31916.2133,
7/19/2024 3:50:00 PM,05THVI_U01,N,N,N,31916.2133,31916.2133,8028.4818,31916.2133,31916.2133,
7/19/2024 3:50:00 PM,05THVI_U02,N,N,N,31916.2133,31916.2133,8030.1293,31916.2133,31916.2133,
7/19/2024 3:50:00 PM,05TOLEDO_BAT,N,N,N,31835.6493,31835.6493,8011.0016,31835.6493,31835.6493,
7/19/2024 3:50:00 PM,05TOLSOL_G01,N,N,N,31835.6493,31835.6493,8370.1057,31835.6493,31835.6493,
7/19/2024 3:50:00 PM,05TOL_CARMEN,N,N,N,31970.9968,31970.9968,8283.0442,31970.9968,31970.9968,
7/19/2024 3:50:00 PM,05TPC_G01,N,N,N,31970.9968,31970.9968,8032.16,31970.9968,31970.9968,
7/19/2024 3:50:00 PM,05TPC_G02,N,N,N,31970.9968,31970.9968,8078.2958,31970.9968,31970.9968,
7/19/2024 3:50:00 PM,05TPC_L01,N,N,N,31970.9968,31970.9968,8283.0442,31970.9968,31970.9968,
7/19/2024 3:50:00 PM,05TPC_S01,N,N,N,31970.9968,31970.9968,8283.0442,31970.9968,31970.9968,
7/19/2024 3:50:00 PM,05TPC_S02,N,N,N,31970.9968,31970.9968,8283.0442,31970.9968,31970.9968,
7/19/2024 3:50:00 PM,05TPVI_U01,N,N,N,32219.1337,32219.1337,11843.7110,32219.1337,32219.1337,
7/19/2024 3:50:00 PM,05TPVI_U02,N,N,N,32219.1337,32219.1337,11843.7110,32219.1337,32219.1337,
7/19/2024 3:50:00 PM,05TPVI_U03,N,N,N,32219.1337,32219.1337,11843.7110,32219.1337,32219.1337,
7/19/2024 3:50:00 PM,05TPVI_U04,N,N,N,32219.1337,32219.1337,11843.7110,32219.1337,32219.1337,
7/19/2024 3:50:00 PM,05TPVI_U05,N,N,N,32219.1337,32219.1337,11843.7110,32219.1337,32219.1337,
7/19/2024 3:50:00 PM,05TPVI_U06,N,N,N,32219.1337,32219.1337,11843.7110,32219.1337,32219.1337,
7/19/2024 3:50:00 PM,06AMLAN_SS,N,N,N,31139.5768,31139.5768,8283.0442,31139.5768,31139.5768,
7/19/2024 3:50:00 PM,06AMLAN_T1L1,N,N,N,31146.0219,31146.0219,8283.0442,31146.0219,31146.0219,
7/19/2024 3:50:00 PM,06AMLAN_T2L2,N,N,N,31146.0219,31146.0219,8283.0442,31146.0219,31146.0219,
7/19/2024 3:50:00 PM,06AMLA_G01,N,N,N,31146.0219,31146.0219,7915.1852,31146.0219,31146.0219,
7/19/2024 3:50:00 PM,06BACOL_SS,N,N,N,32293.2526,32293.2526,8283.0442,32293.2526,32293.2526,
7/19/2024 3:50:00 PM,06BACOL_T1L1,N,N,N,32290.03,32290.03,8283.0442,32290.03,32290.03,
7/19/2024 3:50:00 PM,06BACOL_T1L2,N,N,N,32290.03,32290.03,8283.0442,32290.03,32290.03,
7/19/2024 3:50:00 PM,06BACOL_T2L2,N,N,N,32290.03,32290.03,8283.0442,32290.03,32290.03,
7/19/2024 3:50:00 PM,06BACOL_T3L3,N,N,N,32290.03,32290.03,8283.0442,32290.03,32290.03,
7/19/2024 3:50:00 PM,06BBGPP_G01,N,N,N,32293.2526,32293.2526,12081.7259,32293.2526,32293.2526,
7/19/2024 3:50:00 PM,06BBGPP_L01,N,N,N,32293.2526,32293.2526,8283.0442,32293.2526,32293.2526,
7/19/2024 3:50:00 PM,06BCLBAS_LD1,N,N,N,32290.03,32290.03,8283.0442,32290.03,32290.03,
7/19/2024 3:50:00 PM,06BCL_SS,N,N,N,32290.03,32290.03,8283.0442,32290.03,32290.03,
7/19/2024 3:50:00 PM,06BISCOM_G01,N,N,N,32019.3351,32019.3351,8151.1971,32019.3351,32019.3351,
7/19/2024 3:50:00 PM,06CABI_G01,N,N,N,31146.0219,31146.0219,7915.1852,31146.0219,31146.0219,
7/19/2024 3:50:00 PM,06CADIZL_SS,N,N,N,32125.6795,32125.6795,8283.0442,32125.6795,32125.6795,
7/19/2024 3:50:00 PM,06CADIZL_T1L1,N,N,N,32125.6795,32125.6795,8283.0442,32125.6795,32125.6795,
7/19/2024 3:50:00 PM,06CADIZL_T1L2,N,N,N,32125.6795,32125.6795,8283.0442,32125.6795,32125.6795,
7/19/2024 3:50:00 PM,06CADIZL_T1L3,N,N,N,32125.6795,32125.6795,8283.0442,32125.6795,32125.6795,
7/19/2024 3:50:00 PM,06CADIZL_T1L4,N,N,N,32125.6795,32125.6795,8283.0442,32125.6795,32125.6795,
7/19/2024 3:50:00 PM,06CARSOL_G01,N,N,N,32290.03,32290.03,6823.4376,32290.03,32290.03,
7/19/2024 3:50:00 PM,06CAY_SS,N,N,N,32032.2254,32032.2254,8283.0442,32032.2254,32032.2254,
7/19/2024 3:50:00 PM,06CENPRI_U01,N,N,N,32290.03,32290.03,8240.7374,32290.03,32290.03,
7/19/2024 3:50:00 PM,06CENPRI_U02,N,N,N,32290.03,32290.03,12066.3950,32290.03,32290.03,
7/19/2024 3:50:00 PM,06CENPRI_U03,N,N,N,32290.03,32290.03,12066.3950,32290.03,32290.03,
7/19/2024 3:50:00 PM,06CENPRI_U04,N,N,N,32290.03,32290.03,5344.5983,32290.03,32290.03,
7/19/2024 3:50:00 PM,06CENPRI_U05,N,N,N,32290.03,32290.03,12064.1155,32290.03,32290.03,
7/19/2024 3:50:00 PM,06CLTRAVA_SS,N,N,N,32035.4479,32035.4479,8283.0442,32035.4479,32035.4479,
7/19/2024 3:50:00 PM,06FFHC_G01,N,N,N,32125.6795,32125.6795,8162.4639,32125.6795,32125.6795,
7/19/2024 3:50:00 PM,06GAHIT_SS,N,N,N,32225.5788,32225.5788,8283.0442,32225.5788,32225.5788,
7/19/2024 3:50:00 PM,06HELIOS_G01,N,N,N,32119.2344,32119.2344,8021.1452,32119.2344,32119.2344,
7/19/2024 3:50:00 PM,06HELIOS_S01,N,N,N,32119.2344,32119.2344,8283.0442,32119.2344,32119.2344,
7/19/2024 3:50:00 PM,06HPCO_G01,N,N,N,32225.5788,32225.5788,8084.1532,32225.5788,32225.5788,
7/19/2024 3:50:00 PM,06HPCO_G02,N,N,N,32225.5788,32225.5788,8084.1532,32225.5788,32225.5788,
7/19/2024 3:50:00 PM,06KABAN_BAT,N,N,N,32048.3382,32048.3382,10398.3229,32048.3382,32048.3382,
7/19/2024 3:50:00 PM,06KABAN_L01,N,N,N,32048.3382,32048.3382,8283.0442,32048.3382,32048.3382,
7/19/2024 3:50:00 PM,06KABAN_SS,N,N,N,32048.3382,32048.3382,8283.0442,32048.3382,32048.3382,
7/19/2024 3:50:00 PM,06KABAN_T1L1,N,N,N,32019.3351,32019.3351,8283.0442,32019.3351,32019.3351,
7/19/2024 3:50:00 PM,06KABAN_T2L2,N,N,N,32019.3351,32019.3351,8283.0442,32019.3351,32019.3351,
7/19/2024 3:50:00 PM,06MABIN_SS,N,N,N,31558.5094,31558.5094,8283.0442,31558.5094,31558.5094,
7/19/2024 3:50:00 PM,06MABIN_T1L1,N,N,N,31555.2868,31555.2868,8283.0442,31555.2868,31555.2868,
7/19/2024 3:50:00 PM,06MABIN_T2L2,N,N,N,31555.2868,31555.2868,8283.0442,31555.2868,31555.2868,
7/19/2024 3:50:00 PM,06MANSOL_G01,N,N,N,32125.6795,32125.6795,8158.5384,32125.6795,32125.6795,
7/19/2024 3:50:00 PM,06MNTSOL_G01,N,N,N,31146.0219,31146.0219,9029.6598,31146.0219,31146.0219,
7/19/2024 3:50:00 PM,06NASULO_G01,N,N,N,30881.7722,30881.7722,7853.1625,30881.7722,30881.7722,
7/19/2024 3:50:00 PM,06NTNEGB_G01,N,N,N,32225.5788,32225.5788,8084.1532,32225.5788,32225.5788,
7/19/2024 3:50:00 PM,06PAL1A_G01,N,N,N,30849.5466,30849.5466,7836.3469,30849.5466,30849.5466,
7/19/2024 3:50:00 PM,06PAL1A_SS,N,N,N,30859.2143,30859.2143,8283.0442,30859.2143,30859.2143,
7/19/2024 3:50:00 PM,06PAL2A_U01,N,N,N,30884.9948,30884.9948,7830.7331,30884.9948,30884.9948,
7/19/2024 3:50:00 PM,06PAL2A_U02,N,N,N,30884.9948,30884.9948,7837.8273,30884.9948,30884.9948,
7/19/2024 3:50:00 PM,06PAL2A_U03,N,N,N,32225.5788,32225.5788,8277.3535,32225.5788,32225.5788,
7/19/2024 3:50:00 PM,06PAL2A_U04,N,N,N,32225.5788,32225.5788,8084.1532,32225.5788,32225.5788,
7/19/2024 3:50:00 PM,06PGPP2_SS,N,N,N,30891.4399,30891.4399,8283.0442,30891.4399,30891.4399,
7/19/2024 3:50:00 PM,06SACASL_G01,N,N,N,31977.4419,31977.4419,7258.4662,31977.4419,31977.4419,
7/19/2024 3:50:00 PM,06SACASL_G02,N,N,N,31974.2193,31974.2193,8430.8756,31974.2193,31974.2193,
7/19/2024 3:50:00 PM,06SACSUN_G01,N,N,N,31954.8840,31954.8840,7141.1935,31954.8840,31954.8840,
7/19/2024 3:50:00 PM,06SCBE_G01,N,N,N,32125.6795,32125.6795,8162.4639,32125.6795,32125.6795,
7/19/2024 3:50:00 PM,06SCBIOP_G01,N,N,N,32225.5788,32225.5788,7693.9734,32225.5788,32225.5788,
7/19/2024 3:50:00 PM,06SLYSOL_G01,N,N,N,32290.03,32290.03,7912.3113,32290.03,32290.03,
7/19/2024 3:50:00 PM,06SNCARLOS_SS,N,N,N,31977.4419,31977.4419,8283.0442,31977.4419,31977.4419,
7/19/2024 3:50:00 PM,06STNEGB_G01,N,N,N,32225.5788,32225.5788,8084.1532,32225.5788,32225.5788,
7/19/2024 3:50:00 PM,06URC_G01,N,N,N,31555.2868,31555.2868,8043.3944,31555.2868,31555.2868,
7/19/2024 3:50:00 PM,06VMC_G01,N,N,N,32225.5788,32225.5788,8084.1532,32225.5788,32225.5788,
7/19/2024 3:50:00 PM,06VMC_G02,N,N,N,32290.03,32290.03,8240.7374,32290.03,32290.03,
7/19/2024 3:50:00 PM,07BDPP_U01,N,N,N,42041.4901,42041.4901,19103.6622,42041.4901,42041.4901,
7/19/2024 3:50:00 PM,07BDPP_U02,N,N,N,42041.4901,42041.4901,20111.4840,42041.4901,42041.4901,
7/19/2024 3:50:00 PM,07BDPP_U03,N,N,N,42041.4901,42041.4901,21673.4231,42041.4901,42041.4901,
7/19/2024 3:50:00 PM,07BDPP_U04,N,N,N,42041.4901,42041.4901,19030.2287,42041.4901,42041.4901,
7/19/2024 3:50:00 PM,07BOHOL_T1L1,N,N,N,39975.8305,39975.8305,8283.0442,39975.8305,39975.8305,
7/19/2024 3:50:00 PM,07BOHOL_T4L4,N,N,N,39975.8305,39975.8305,8283.0442,39975.8305,39975.8305,
7/19/2024 3:50:00 PM,07COREL_T1L1,N,N,N,42041.4901,42041.4901,8283.0442,42041.4901,42041.4901,
7/19/2024 3:50:00 PM,07COREL_T1L2,N,N,N,42041.4901,42041.4901,8283.0442,42041.4901,42041.4901,
7/19/2024 3:50:00 PM,07COREL_T1L3,N,N,N,42041.4901,42041.4901,8283.0442,42041.4901,42041.4901,
7/19/2024 3:50:00 PM,07JANOPO_G01,N,N,N,42041.4901,42041.4901,20194.1493,42041.4901,42041.4901,
7/19/2024 3:50:00 PM,07LOBOC_G01,N,N,N,42041.4901,42041.4901,20187.4606,42041.4901,42041.4901,
7/19/2024 3:50:00 PM,07LOBOC_G02,N,N,N,42041.4901,42041.4901,19816.8809,42041.4901,42041.4901,
7/19/2024 3:50:00 PM,07SEVILL_G01,N,N,N,42041.4901,42041.4901,19329.9472,42041.4901,42041.4901,
7/19/2024 3:50:00 PM,07TPLPB4_U01,N,N,N,39917.8245,39917.8245,21391.9054,39917.8245,39917.8245,
7/19/2024 3:50:00 PM,07TPLPB4_U02,N,N,N,39917.8245,39917.8245,19653,39917.8245,39917.8245,
7/19/2024 3:50:00 PM,07TPLPB4_U03,N,N,N,39917.8245,39917.8245,18555.5261,39917.8245,39917.8245,
7/19/2024 3:50:00 PM,07TPLPB4_U04,N,N,N,39917.8245,39917.8245,19669.7199,39917.8245,39917.8245,
7/19/2024 3:50:00 PM,07UBAY_BAT,N,N,N,39975.8305,39975.8305,19638.97,39975.8305,39975.8305,
7/19/2024 3:50:00 PM,07UBAY_T1L1,N,N,N,39975.8305,39975.8305,8283.0442,39975.8305,39975.8305,
7/19/2024 3:50:00 PM,07UBAY_T2L2,N,N,N,39975.8305,39975.8305,8283.0442,39975.8305,39975.8305,
7/19/2024 3:50:00 PM,07UBAY_T3L3,N,N,N,39917.8245,39917.8245,8283.0442,39917.8245,39917.8245,
7/19/2024 3:50:00 PM,08BANTAP_L01,N,N,N,32663.8467,32663.8467,8283.0442,32663.8467,32663.8467,
7/19/2024 3:50:00 PM,08BARO_SS,N,N,N,32238.4691,32238.4691,8283.0442,32238.4691,32238.4691,
7/19/2024 3:50:00 PM,08BARTAC_L01,N,N,N,32225.5788,32225.5788,8283.0442,32225.5788,32225.5788,
7/19/2024 3:50:00 PM,08BARTAC_SS,N,N,N,32238.4691,32238.4691,8283.0442,32238.4691,32238.4691,
7/19/2024 3:50:00 PM,08BVISTA_L01,N,N,N,32676.7369,32676.7369,8283.0442,32676.7369,32676.7369,
7/19/2024 3:50:00 PM,08BVISTA_L02,N,N,N,32676.7369,32676.7369,8283.0442,32676.7369,32676.7369,
7/19/2024 3:50:00 PM,08CASA_G01,N,N,N,32290.03,32290.03,21518.1156,32290.03,32290.03,
7/19/2024 3:50:00 PM,08CASA_G02,N,N,N,32290.03,32290.03,21518.1156,32290.03,32290.03,
7/19/2024 3:50:00 PM,08CONCP_T1L1,N,N,N,32283.5849,32283.5849,8283.0442,32283.5849,32283.5849,
7/19/2024 3:50:00 PM,08COSMO_G01,N,N,N,32283.5849,32283.5849,21625.5465,32283.5849,32283.5849,
7/19/2024 3:50:00 PM,08DINGL_SS,N,N,N,32290.03,32290.03,8283.0442,32290.03,32290.03,
7/19/2024 3:50:00 PM,08DINGL_T1L1,N,N,N,32290.03,32290.03,8283.0442,32290.03,32290.03,
7/19/2024 3:50:00 PM,08DINGL_T1L2,N,N,N,32290.03,32290.03,8283.0442,32290.03,32290.03,
7/19/2024 3:50:00 PM,08DINGL_T1L3,N,N,N,32290.03,32290.03,8283.0442,32290.03,32290.03,
7/19/2024 3:50:00 PM,08DINGL_T1L4,N,N,N,32290.03,32290.03,8283.0442,32290.03,32290.03,
7/19/2024 3:50:00 PM,08DINGL_T2L1,N,N,N,32290.03,32290.03,8283.0442,32290.03,32290.03,
7/19/2024 3:50:00 PM,08DINGL_T2L2,N,N,N,32290.03,32290.03,8283.0442,32290.03,32290.03,
7/19/2024 3:50:00 PM,08GLOBAL_G01,N,N,N,32808.8618,32808.8618,21750.1534,32808.8618,32808.8618,
7/19/2024 3:50:00 PM,08NABASDPP_U01,N,N,N,32808.8618,32808.8618,24741.3782,32808.8618,32808.8618,
7/19/2024 3:50:00 PM,08NABASDPP_U02,N,N,N,32808.8618,32808.8618,24725.4283,32808.8618,32808.8618,
7/19/2024 3:50:00 PM,08NABAS_L01,N,N,N,32808.8618,32808.8618,8283.0442,32808.8618,32808.8618,
7/19/2024 3:50:00 PM,08NABAS_L02,N,N,N,32808.8618,32808.8618,8283.0442,32808.8618,32808.8618,
7/19/2024 3:50:00 PM,08NABAS_L03,N,N,N,32808.8618,32808.8618,8283.0442,32808.8618,32808.8618,
7/19/2024 3:50:00 PM,08NABAS_SS,N,N,N,32808.8618,32808.8618,8283.0442,32808.8618,32808.8618,
7/19/2024 3:50:00 PM,08PALM_G01,N,N,N,32225.5788,32225.5788,8084.1532,32225.5788,32225.5788,
7/19/2024 3:50:00 PM,08PALM_S01,N,N,N,32283.5849,32283.5849,8283.0442,32283.5849,32283.5849,
7/19/2024 3:50:00 PM,08PANIT_SS,N,N,N,32615.5083,32615.5083,8283.0442,32615.5083,32615.5083,
7/19/2024 3:50:00 PM,08PANIT_T1L1,N,N,N,32609.0632,32609.0632,8283.0442,32609.0632,32609.0632,
7/19/2024 3:50:00 PM,08PANIT_T2L2,N,N,N,32609.0632,32609.0632,8283.0442,32609.0632,32609.0632,
7/19/2024 3:50:00 PM,08PDPP1_U02,N,N,N,32290.03,32290.03,14878.7934,32290.03,32290.03,
7/19/2024 3:50:00 PM,08PDPP1_U03,N,N,N,32290.03,32290.03,32000,32290.03,32290.03,
7/19/2024 3:50:00 PM,08PDPP1_U05,N,N,N,32290.03,32290.03,16527.5245,32290.03,32290.03,
7/19/2024 3:50:00 PM,08PDPP3_C,N,N,N,32290.03,32290.03,20639.8647,32290.03,32290.03,
7/19/2024 3:50:00 PM,08PDPP3_E,N,N,N,32290.03,32290.03,16556.6938,32290.03,32290.03,
7/19/2024 3:50:00 PM,08PDPP3_G,N,N,N,32290.03,32290.03,19404.6221,32290.03,32290.03,
7/19/2024 3:50:00 PM,08PDPP3_H,N,N,N,32290.03,32290.03,8831.8774,32290.03,32290.03,
7/19/2024 3:50:00 PM,08PDPP3_S01,N,N,N,32290.03,32290.03,8283.0442,32290.03,32290.03,
7/19/2024 3:50:00 PM,08PEDC_SS1,N,N,N,31835.6493,31835.6493,8283.0442,31835.6493,31835.6493,
7/19/2024 3:50:00 PM,08PEDC_SS2,N,N,N,32225.5788,32225.5788,8283.0442,32225.5788,32225.5788,
7/19/2024 3:50:00 PM,08PEDC_SS3,N,N,N,31835.6493,31835.6493,8283.0442,31835.6493,31835.6493,
7/19/2024 3:50:00 PM,08PEDC_T1L1,N,N,N,31845.3170,31845.3170,8283.0442,31845.3170,31845.3170,
7/19/2024 3:50:00 PM,08PEDC_T1L2,N,N,N,31848.5396,31848.5396,8283.0442,31848.5396,31848.5396,
7/19/2024 3:50:00 PM,08PEDC_U01,N,N,N,31835.6493,31835.6493,21440.2423,31835.6493,31835.6493,
7/19/2024 3:50:00 PM,08PEDC_U02,N,N,N,32225.5788,32225.5788,8680.1247,32225.5788,32225.5788,
7/19/2024 3:50:00 PM,08PEDC_U03,N,N,N,31835.6493,31835.6493,17940.6075,31835.6493,31835.6493,
7/19/2024 3:50:00 PM,08PWIND_G01,N,N,N,32808.8618,32808.8618,7058.6369,32808.8618,32808.8618,
7/19/2024 3:50:00 PM,08PWIND_G02,N,N,N,32808.8618,32808.8618,7118.0151,32808.8618,32808.8618,
7/19/2024 3:50:00 PM,08SLWIND_G01,N,N,N,32676.7369,32676.7369,15377.6446,32676.7369,32676.7369,
7/19/2024 3:50:00 PM,08SLWIND_L01,N,N,N,32676.7369,32676.7369,8283.0442,32676.7369,32676.7369,
7/19/2024 3:50:00 PM,08SNJOSE_L01,N,N,N,32283.5849,32283.5849,8283.0442,32283.5849,32283.5849,
7/19/2024 3:50:00 PM,08SNJOSE_L02,N,N,N,32283.5849,32283.5849,8283.0442,32283.5849,32283.5849,
7/19/2024 3:50:00 PM,08SNJOSE_L03,N,N,N,32283.5849,32283.5849,8283.0442,32283.5849,32283.5849,
7/19/2024 3:50:00 PM,08STBAR_SS1,N,N,N,32141.7923,32141.7923,8283.0442,32141.7923,32141.7923,
7/19/2024 3:50:00 PM,08STBAR_SS2,N,N,N,32141.7923,32141.7923,8283.0442,32141.7923,32141.7923,
7/19/2024 3:50:00 PM,08STBAR_SS3,N,N,N,32141.7923,32141.7923,8283.0442,32141.7923,32141.7923,
7/19/2024 3:50:00 PM,08STBAR_T1L1,N,N,N,32141.7923,32141.7923,8283.0442,32141.7923,32141.7923,
7/19/2024 3:50:00 PM,08STBAR_T2L2,N,N,N,32141.7923,32141.7923,8283.0442,32141.7923,32141.7923,
7/19/2024 3:50:00 PM,08STBPB1_U01,N,N,N,32141.7923,32141.7923,34340.2111,32141.7923,32141.7923,
7/19/2024 3:50:00 PM,08STBPB1_U02,N,N,N,32141.7923,32141.7923,34213.9531,32141.7923,32141.7923,
7/19/2024 3:50:00 PM,08STBPB1_U03,N,N,N,32141.7923,32141.7923,21541.3782,32141.7923,32141.7923,
7/19/2024 3:50:00 PM,08STBPB1_U04,N,N,N,32141.7923,32141.7923,34391.0742,32141.7923,32141.7923,
7/19/2024 3:50:00 PM,08SUWECO_G01,N,N,N,32141.7923,32141.7923,21450.3963,32141.7923,32141.7923,
7/19/2024 3:50:00 PM,08TIMBA_G01,N,N,N,32808.8618,32808.8618,21700.6961,32808.8618,32808.8618,
7/19/2024 3:50:00 PM,09AURORA_SS,N,N,N,12188.5623,12188.5623,8076.0550,12188.5623,12188.5623,
7/19/2024 3:50:00 PM,09CLB_T1L1,N,N,N,12194.3526,12194.3526,8076.0550,12194.3526,12194.3526,
7/19/2024 3:50:00 PM,09JIMDSL_U01,N,N,N,12194.3526,12194.3526,6421.5183,12194.3526,12194.3526,
7/19/2024 3:50:00 PM,09JIMDSL_U02,N,N,N,12194.3526,12194.3526,6421.5183,12194.3526,12194.3526,
7/19/2024 3:50:00 PM,09KAP_T1L1,N,N,N,12194.3526,12194.3526,8076.0550,12194.3526,12194.3526,
7/19/2024 3:50:00 PM,09LALA_SS,N,N,N,11817.9837,11817.9837,8076.0550,11817.9837,11817.9837,
7/19/2024 3:50:00 PM,09LIBPOWR_G01,N,N,N,11580.5818,11580.5818,6167.6732,11580.5818,11580.5818,
7/19/2024 3:50:00 PM,09MHY_T1L1,N,N,N,12194.3526,12194.3526,8076.0550,12194.3526,12194.3526,
7/19/2024 3:50:00 PM,09MLS_T1L1,N,N,N,13684.7735,13684.7735,8076.0550,13684.7735,13684.7735,
7/19/2024 3:50:00 PM,09NAGA_SS,N,N,N,13675.5091,13675.5091,8076.0550,13675.5091,13675.5091,
7/19/2024 3:50:00 PM,09PANABNK_U01,N,N,N,12194.3526,12194.3526,6421.5183,12194.3526,12194.3526,
7/19/2024 3:50:00 PM,09PANABNK_U02,N,N,N,12194.3526,12194.3526,6421.5183,12194.3526,12194.3526,
7/19/2024 3:50:00 PM,09PITOGO_SS,N,N,N,14769.8740,14769.8740,8076.0550,14769.8740,14769.8740,
7/19/2024 3:50:00 PM,09POLAN_SS,N,N,N,12403.9612,12403.9612,8076.0550,12403.9612,12403.9612,
7/19/2024 3:50:00 PM,09RXS_T2L1,N,N,N,12408.5934,12408.5934,8076.0550,12408.5934,12408.5934,
7/19/2024 3:50:00 PM,09SANGALI_BAT,N,N,N,14606.5878,14606.5878,7377.4349,14606.5878,14606.5878,
7/19/2024 3:50:00 PM,09SJG_T1L1,N,N,N,14766.3999,14766.3999,8076.0550,14766.3999,14766.3999,
7/19/2024 3:50:00 PM,09SML_T1L1,N,N,N,12194.3526,12194.3526,8076.0550,12194.3526,12194.3526,
7/19/2024 3:50:00 PM,09SRW_T1L1,N,N,N,13684.7735,13684.7735,8076.0550,13684.7735,13684.7735,
7/19/2024 3:50:00 PM,09TMG_T1L1,N,N,N,14766.3999,14766.3999,8076.0550,14766.3999,14766.3999,
7/19/2024 3:50:00 PM,09TMG_T2L1,N,N,N,14606.5878,14606.5878,8076.0550,14606.5878,14606.5878,
7/19/2024 3:50:00 PM,09TUL_T1L1,N,N,N,14766.3999,14766.3999,8076.0550,14766.3999,14766.3999,
7/19/2024 3:50:00 PM,09WMPC_S01,N,N,N,14606.5878,14606.5878,8076.0550,14606.5878,14606.5878,
7/19/2024 3:50:00 PM,09WMPC_U01,N,N,N,14606.5878,14606.5878,6015.3152,14606.5878,14606.5878,
7/19/2024 3:50:00 PM,09WMPC_U02,N,N,N,14606.5878,14606.5878,7377.4349,14606.5878,14606.5878,
7/19/2024 3:50:00 PM,09WMPC_U03,N,N,N,14606.5878,14606.5878,7377.4349,14606.5878,14606.5878,
7/19/2024 3:50:00 PM,09WMPC_U04,N,N,N,14606.5878,14606.5878,7377.4349,14606.5878,14606.5878,
7/19/2024 3:50:00 PM,09WMPC_U05,N,N,N,14606.5878,14606.5878,7377.4349,14606.5878,14606.5878,
7/19/2024 3:50:00 PM,09WMPC_U06,N,N,N,14606.5878,14606.5878,7377.4349,14606.5878,14606.5878,
7/19/2024 3:50:00 PM,09WMPC_U07,N,N,N,14606.5878,14606.5878,7377.4349,14606.5878,14606.5878,
7/19/2024 3:50:00 PM,09WMPC_U08,N,N,N,14606.5878,14606.5878,7377.4349,14606.5878,14606.5878,
7/19/2024 3:50:00 PM,09WMPC_U09,N,N,N,14606.5878,14606.5878,7377.4349,14606.5878,14606.5878,
7/19/2024 3:50:00 PM,09WMPC_U10,N,N,N,14606.5878,14606.5878,5372.6686,14606.5878,14606.5878,
7/19/2024 3:50:00 PM,09ZAMBO_SS,N,N,N,14606.5878,14606.5878,8076.0550,14606.5878,14606.5878,
7/19/2024 3:50:00 PM,09ZAMSAN_L01,N,N,N,14606.5878,14606.5878,8076.0550,14606.5878,14606.5878,
7/19/2024 3:50:00 PM,10AG6_T2L1,N,N,N,11483.3049,11483.3049,8076.0550,11483.3049,11483.3049,
7/19/2024 3:50:00 PM,10AGUS1_SS,N,N,N,11381.3958,11381.3958,8076.0550,11381.3958,11381.3958,
7/19/2024 3:50:00 PM,10AGUS1_U01,N,N,N,11380.2377,11380.2377,6301.1976,11380.2377,11380.2377,
7/19/2024 3:50:00 PM,10AGUS1_U02,N,N,N,11381.3958,11381.3958,6303.6079,11381.3958,11381.3958,
7/19/2024 3:50:00 PM,10AGUS2_SS,N,N,N,11396.4506,11396.4506,8076.0550,11396.4506,11396.4506,
7/19/2024 3:50:00 PM,10AGUS2_U01,N,N,N,11395.2925,11395.2925,6486.1142,11395.2925,11395.2925,
7/19/2024 3:50:00 PM,10AGUS2_U02,N,N,N,11396.4506,11396.4506,4754.6187,11396.4506,11396.4506,
7/19/2024 3:50:00 PM,10AGUS2_U03,N,N,N,11395.2925,11395.2925,6420.7565,11395.2925,11395.2925,
7/19/2024 3:50:00 PM,10AGUS4_SS,N,N,N,11479.8307,11479.8307,8076.0550,11479.8307,11479.8307,
7/19/2024 3:50:00 PM,10AGUS4_U01,N,N,N,11478.6727,11478.6727,6107.1425,11478.6727,11478.6727,
7/19/2024 3:50:00 PM,10AGUS4_U02,N,N,N,11478.6727,11478.6727,6114.5418,11478.6727,11478.6727,
7/19/2024 3:50:00 PM,10AGUS4_U03,N,N,N,11479.8307,11479.8307,6173.7176,11479.8307,11479.8307,
7/19/2024 3:50:00 PM,10AGUS5_SS,N,N,N,11487.9372,11487.9372,8076.0550,11487.9372,11487.9372,
7/19/2024 3:50:00 PM,10AGUS5_U01,N,N,N,11487.9372,11487.9372,7034.1086,11487.9372,11487.9372,
7/19/2024 3:50:00 PM,10AGUS5_U02,N,N,N,11487.9372,11487.9372,5698.0236,11487.9372,11487.9372,
7/19/2024 3:50:00 PM,10AGUS6_SS,N,N,N,11462.4599,11462.4599,8076.0550,11462.4599,11462.4599,
7/19/2024 3:50:00 PM,10AGUS6_U01,N,N,N,11462.4599,11462.4599,6843.6751,11462.4599,11462.4599,
7/19/2024 3:50:00 PM,10AGUS6_U02,N,N,N,11462.4599,11462.4599,6221.77,11462.4599,11462.4599,
7/19/2024 3:50:00 PM,10AGUS6_U03,N,N,N,11462.4599,11462.4599,5777.7942,11462.4599,11462.4599,
7/19/2024 3:50:00 PM,10AGUS6_U04,N,N,N,11462.4599,11462.4599,6255.7084,11462.4599,11462.4599,
7/19/2024 3:50:00 PM,10AGUS6_U05,N,N,N,11462.4599,11462.4599,4705.9805,11462.4599,11462.4599,
7/19/2024 3:50:00 PM,10AGUS7_U01,N,N,N,11462.4599,11462.4599,4781.8515,11462.4599,11462.4599,
7/19/2024 3:50:00 PM,10AGUS7_U02,N,N,N,11462.4599,11462.4599,6425.1425,11462.4599,11462.4599,
7/19/2024 3:50:00 PM,10BALOI_L01,N,N,N,11462.4599,11462.4599,8076.0550,11462.4599,11462.4599,
7/19/2024 3:50:00 PM,10BALOI_SS,N,N,N,11540.0498,11540.0498,8076.0550,11540.0498,11540.0498,
7/19/2024 3:50:00 PM,10BUR_T1L1,N,N,N,11462.4599,11462.4599,8076.0550,11462.4599,11462.4599,
7/19/2024 3:50:00 PM,10BUR_T1L2,N,N,N,11462.4599,11462.4599,8076.0550,11462.4599,11462.4599,
7/19/2024 3:50:00 PM,10GNPK_U01,N,N,N,11522.6789,11522.6789,6264.0907,11522.6789,11522.6789,
7/19/2024 3:50:00 PM,10GNPK_U02,N,N,N,11522.6789,11522.6789,6148.0576,11522.6789,11522.6789,
7/19/2024 3:50:00 PM,10GNPK_U03,N,N,N,11522.6789,11522.6789,6295.6256,11522.6789,11522.6789,
7/19/2024 3:50:00 PM,10GNPK_U04,N,N,N,11522.6789,11522.6789,7163.3754,11522.6789,11522.6789,
7/19/2024 3:50:00 PM,10IDPP_G01,N,N,N,11552.7884,11552.7884,6160.2799,11552.7884,11552.7884,
7/19/2024 3:50:00 PM,10IDPP_SS,N,N,N,11552.7884,11552.7884,8076.0550,11552.7884,11552.7884,
7/19/2024 3:50:00 PM,10KAUSWGN_SS,N,N,N,11546.9981,11546.9981,8076.0550,11546.9981,11546.9981,
7/19/2024 3:50:00 PM,10KAU_T1L1,N,N,N,11462.4599,11462.4599,8076.0550,11462.4599,11462.4599,
7/19/2024 3:50:00 PM,10KIW_T1L1,N,N,N,11462.4599,11462.4599,8076.0550,11462.4599,11462.4599,
7/19/2024 3:50:00 PM,10KIW_T2L1,N,N,N,11560.8948,11560.8948,8076.0550,11560.8948,11560.8948,
7/19/2024 3:50:00 PM,10LGAIT_SS,N,N,N,11558.5787,11558.5787,8076.0550,11558.5787,11558.5787,
7/19/2024 3:50:00 PM,10LIAN_G01,N,N,N,11462.4599,11462.4599,6105.0607,11462.4599,11462.4599,
7/19/2024 3:50:00 PM,10MCN_T1L1,N,N,N,11483.3049,11483.3049,8076.0550,11483.3049,11483.3049,
7/19/2024 3:50:00 PM,10MCR_T1L1,N,N,N,11483.3049,11483.3049,8076.0550,11483.3049,11483.3049,
7/19/2024 3:50:00 PM,10MCT_T1L1,N,N,N,11462.4599,11462.4599,8076.0550,11462.4599,11462.4599,
7/19/2024 3:50:00 PM,10MEGC_G01,N,N,N,11462.4599,11462.4599,6105.0607,11462.4599,11462.4599,
7/19/2024 3:50:00 PM,10MLN_T1L1,N,N,N,11383.7119,11383.7119,8076.0550,11383.7119,11383.7119,
7/19/2024 3:50:00 PM,10MPL_T1L1,N,N,N,11462.4599,11462.4599,8076.0550,11462.4599,11462.4599,
7/19/2024 3:50:00 PM,10MRW_T1L1,N,N,N,11383.7119,11383.7119,8076.0550,11383.7119,11383.7119,
7/19/2024 3:50:00 PM,10MRW_T2L1,N,N,N,11483.3049,11483.3049,8076.0550,11483.3049,11483.3049,
7/19/2024 3:50:00 PM,10NUN_T1L2,N,N,N,11462.4599,11462.4599,8076.0550,11462.4599,11462.4599,
7/19/2024 3:50:00 PM,10OPO_T1L1,N,N,N,11560.8948,11560.8948,8076.0550,11560.8948,11560.8948,
7/19/2024 3:50:00 PM,10PAT_T1L1,N,N,N,11560.8948,11560.8948,8076.0550,11560.8948,11560.8948,
7/19/2024 3:50:00 PM,10PGW_T1L1,N,N,N,11560.8948,11560.8948,8076.0550,11560.8948,11560.8948,
7/19/2024 3:50:00 PM,10PLT_T1L1,N,N,N,11552.7884,11552.7884,8076.0550,11552.7884,11552.7884,
7/19/2024 3:50:00 PM,10PLT_T2L1,N,N,N,11560.8948,11560.8948,8076.0550,11560.8948,11560.8948,
7/19/2024 3:50:00 PM,10PPEI_U01,N,N,N,11462.4599,11462.4599,6116.5877,11462.4599,11462.4599,
7/19/2024 3:50:00 PM,10SRZ_T1L1,N,N,N,11483.3049,11483.3049,8076.0550,11483.3049,11483.3049,
7/19/2024 3:50:00 PM,11CDO_T1L1,N,N,N,11706.8101,11706.8101,8076.0550,11706.8101,11706.8101,
7/19/2024 3:50:00 PM,11FDC_SS,N,N,N,11530.7853,11530.7853,8076.0550,11530.7853,11530.7853,
7/19/2024 3:50:00 PM,11FDC_U01,N,N,N,11516.8886,11516.8886,6111.16,11516.8886,11516.8886,
7/19/2024 3:50:00 PM,11FDC_U02,N,N,N,11516.8886,11516.8886,6107.6083,11516.8886,11516.8886,
7/19/2024 3:50:00 PM,11FDC_U03,N,N,N,11530.7853,11530.7853,6112.5358,11530.7853,11530.7853,
7/19/2024 3:50:00 PM,11FGBPC_G01,N,N,N,11603.7430,11603.7430,6188.8339,11603.7430,11603.7430,
7/19/2024 3:50:00 PM,11JASAAN_SS,N,N,N,11645.4331,11645.4331,8076.0550,11645.4331,11645.4331,
7/19/2024 3:50:00 PM,11JASA_BAT,N,N,N,11603.7430,11603.7430,6271.9773,11603.7430,11603.7430,
7/19/2024 3:50:00 PM,11KBSOL_G01,N,N,N,11756.6066,11756.6066,4578.2637,11756.6066,11756.6066,
7/19/2024 3:50:00 PM,11KEGMAR_G01,N,N,N,11639.6428,11639.6428,5300.8905,11639.6428,11639.6428,
7/19/2024 3:50:00 PM,11KIBAWE_SS,N,N,N,11755.4486,11755.4486,8076.0550,11755.4486,11755.4486,
7/19/2024 3:50:00 PM,11KIB_T1L1,N,N,N,11639.6428,11639.6428,8076.0550,11639.6428,11639.6428,
7/19/2024 3:50:00 PM,11KIB_T1L2,N,N,N,11639.6428,11639.6428,8076.0550,11639.6428,11639.6428,
7/19/2024 3:50:00 PM,11KIRAS_G01,N,N,N,11603.7430,11603.7430,5622.8119,11603.7430,11603.7430,
7/19/2024 3:50:00 PM,11KNG_T1L1,N,N,N,11603.7430,11603.7430,8076.0550,11603.7430,11603.7430,
7/19/2024 3:50:00 PM,11LBA_T1L1,N,N,N,11645.4331,11645.4331,8076.0550,11645.4331,11645.4331,
7/19/2024 3:50:00 PM,11LUN_T1L1,N,N,N,11603.7430,11603.7430,8076.0550,11603.7430,11603.7430,
7/19/2024 3:50:00 PM,11MAN1_S01,N,N,N,11528.4692,11528.4692,8076.0550,11528.4692,11528.4692,
7/19/2024 3:50:00 PM,11MAN2_S01,N,N,N,11528.4692,11528.4692,8076.0550,11528.4692,11528.4692,
7/19/2024 3:50:00 PM,11MANFOR_G01,N,N,N,11528.4692,11528.4692,6545.8891,11528.4692,11528.4692,
7/19/2024 3:50:00 PM,11MANFOR_G02,N,N,N,11528.4692,11528.4692,6470.2344,11528.4692,11528.4692,
7/19/2024 3:50:00 PM,11MANOLO_SS,N,N,N,11530.7853,11530.7853,8076.0550,11530.7853,11530.7853,
7/19/2024 3:50:00 PM,11MARAM_SS,N,N,N,11794.8226,11794.8226,8076.0550,11794.8226,11794.8226,
7/19/2024 3:50:00 PM,11MINBAL_G01,N,N,N,11603.7430,11603.7430,6248.1401,11603.7430,11603.7430,
7/19/2024 3:50:00 PM,11MINBU_G01,N,N,N,11603.7430,11603.7430,7040.6284,11603.7430,11603.7430,
7/19/2024 3:50:00 PM,11MLY_T1L1,N,N,N,11639.6428,11639.6428,8076.0550,11639.6428,11639.6428,
7/19/2024 3:50:00 PM,11MNCBLG_G01,N,N,N,11603.7430,11603.7430,6286.8831,11603.7430,11603.7430,
7/19/2024 3:50:00 PM,11MNRGY_G01,N,N,N,11603.7430,11603.7430,6177.7284,11603.7430,11603.7430,
7/19/2024 3:50:00 PM,11MNRGY_G02,N,N,N,11603.7430,11603.7430,6177.7284,11603.7430,11603.7430,
7/19/2024 3:50:00 PM,11MOR_T1L1,N,N,N,11706.8101,11706.8101,8076.0550,11706.8101,11706.8101,
7/19/2024 3:50:00 PM,11NAT_T1L1,N,N,N,11603.7430,11603.7430,8076.0550,11603.7430,11603.7430,
7/19/2024 3:50:00 PM,11NAT_T2L1,N,N,N,11603.7430,11603.7430,8076.0550,11603.7430,11603.7430,
7/19/2024 3:50:00 PM,11NBPC_G01,N,N,N,11639.6428,11639.6428,6363.6207,11639.6428,11639.6428,
7/19/2024 3:50:00 PM,11OPOL_SS,N,N,N,11703.3360,11703.3360,8076.0550,11703.3360,11703.3360,
7/19/2024 3:50:00 PM,11OPO_T1L1,N,N,N,11706.8101,11706.8101,8076.0550,11706.8101,11706.8101,
7/19/2024 3:50:00 PM,11PACERM_G01,N,N,N,11706.8101,11706.8101,6243.1704,11706.8101,11706.8101,
7/19/2024 3:50:00 PM,11PAL_T1L1,N,N,N,11756.6066,11756.6066,8076.0550,11756.6066,11756.6066,
7/19/2024 3:50:00 PM,11PG4_T1L1,N,N,N,11639.6428,11639.6428,8076.0550,11639.6428,11639.6428,
7/19/2024 3:50:00 PM,11PKBUK_G01,N,N,N,11603.7430,11603.7430,11809.0795,11603.7430,11603.7430,
7/19/2024 3:50:00 PM,11PULA4_U01,N,N,N,11636.1686,11636.1686,6374.4448,11636.1686,11636.1686,
7/19/2024 3:50:00 PM,11PULA4_U02,N,N,N,11636.1686,11636.1686,6167.6732,11636.1686,11636.1686,
7/19/2024 3:50:00 PM,11PULA4_U03,N,N,N,11636.1686,11636.1686,4382.6796,11636.1686,11636.1686,
7/19/2024 3:50:00 PM,11SME_T1L1,N,N,N,11580.5818,11580.5818,8076.0550,11580.5818,11580.5818,
7/19/2024 3:50:00 PM,11SMH_T1L1,N,N,N,11580.5818,11580.5818,8076.0550,11580.5818,11580.5818,
7/19/2024 3:50:00 PM,11STEAG_U01,N,N,N,11575.9496,11575.9496,4454.1197,11575.9496,11575.9496,
7/19/2024 3:50:00 PM,11STEAG_U02,N,N,N,11580.5818,11580.5818,3844.3078,11580.5818,11580.5818,
7/19/2024 3:50:00 PM,11TAGOL_SS,N,N,N,11580.5818,11580.5818,8076.0550,11580.5818,11580.5818,
7/19/2024 3:50:00 PM,11VILLA_BAT,N,N,N,11582.8979,11582.8979,6161.5049,11582.8979,11582.8979,
7/19/2024 3:50:00 PM,11VILLA_L01,N,N,N,11582.8979,11582.8979,8076.0550,11582.8979,11582.8979,
7/19/2024 3:50:00 PM,11VILLA_SS,N,N,N,11614.1655,11614.1655,8076.0550,11614.1655,11614.1655,
7/19/2024 3:50:00 PM,12ALE_T1L1,N,N,N,13124.2734,13124.2734,8076.0550,13124.2734,13124.2734,
7/19/2024 3:50:00 PM,12ASIGA_G01,N,N,N,12673.7887,12673.7887,6765.9164,12673.7887,12673.7887,
7/19/2024 3:50:00 PM,12BAG_T1L1,N,N,N,13000.3611,13000.3611,8076.0550,13000.3611,13000.3611,
7/19/2024 3:50:00 PM,12BISLIG_SS,N,N,N,13001.5192,13001.5192,8076.0550,13001.5192,13001.5192,
7/19/2024 3:50:00 PM,12BUTUAN_SS,N,N,N,12672.6307,12672.6307,8076.0550,12672.6307,12672.6307,
7/19/2024 3:50:00 PM,12BUT_T2L1,N,N,N,12513.9767,12513.9767,8076.0550,12513.9767,12513.9767,
7/19/2024 3:50:00 PM,12BYG_T1L1,N,N,N,12673.7887,12673.7887,8076.0550,12673.7887,12673.7887,
7/19/2024 3:50:00 PM,12KEGGIN_G01,N,N,N,12513.9767,12513.9767,6672.2157,12513.9767,12513.9767,
7/19/2024 3:50:00 PM,12KEGTAN_G01,N,N,N,13124.2734,13124.2734,7007.5684,13124.2734,13124.2734,
7/19/2024 3:50:00 PM,12LKMAINIT_G01,N,N,N,12673.7887,12673.7887,7346.7983,12673.7887,12673.7887,
7/19/2024 3:50:00 PM,12LMO_T1L1,N,N,N,12673.7887,12673.7887,8076.0550,12673.7887,12673.7887,
7/19/2024 3:50:00 PM,12MAD_T1L1,N,N,N,12914.6648,12914.6648,8076.0550,12914.6648,12914.6648,
7/19/2024 3:50:00 PM,12NACSUR_G01,N,N,N,12914.6648,12914.6648,3593.4066,12914.6648,12914.6648,
7/19/2024 3:50:00 PM,12NASIP_SS,N,N,N,12512.8186,12512.8186,8076.0550,12512.8186,12512.8186,
7/19/2024 3:50:00 PM,12NAS_T1L1,N,N,N,12673.7887,12673.7887,8076.0550,12673.7887,12673.7887,
7/19/2024 3:50:00 PM,12PBA_T1L1,N,N,N,13000.3611,13000.3611,8076.0550,13000.3611,13000.3611,
7/19/2024 3:50:00 PM,12PKSFRA_U01,N,N,N,13124.2734,13124.2734,7007.5684,13124.2734,13124.2734,
7/19/2024 3:50:00 PM,12PKSFRA_U02,N,N,N,13124.2734,13124.2734,13298.6298,13124.2734,13124.2734,
7/19/2024 3:50:00 PM,12PLACER_SS,N,N,N,12915.8229,12915.8229,8076.0550,12915.8229,12915.8229,
7/19/2024 3:50:00 PM,12SFRAN_SS,N,N,N,13125.4314,13125.4314,8076.0550,13125.4314,13125.4314,
7/19/2024 3:50:00 PM,12SLU_T1L1,N,N,N,12513.9767,12513.9767,8076.0550,12513.9767,12513.9767,
7/19/2024 3:50:00 PM,12SNT_T1L1,N,N,N,12673.7887,12673.7887,8076.0550,12673.7887,12673.7887,
7/19/2024 3:50:00 PM,12STCRUZ_L01,N,N,N,12914.6648,12914.6648,8076.0550,12914.6648,12914.6648,
7/19/2024 3:50:00 PM,12SUR_T1L1,N,N,N,12914.6648,12914.6648,8076.0550,12914.6648,12914.6648,
7/19/2024 3:50:00 PM,12TBD_T1L1,N,N,N,11580.5818,11580.5818,8076.0550,11580.5818,11580.5818,
7/19/2024 3:50:00 PM,12TBO_T1L1,N,N,N,13000.3611,13000.3611,8076.0550,13000.3611,13000.3611,
7/19/2024 3:50:00 PM,12TDG_T1L1,N,N,N,13124.2734,13124.2734,8076.0550,13124.2734,13124.2734,
7/19/2024 3:50:00 PM,12THERMA2_SS,N,N,N,12512.8186,12512.8186,8076.0550,12512.8186,12512.8186,
7/19/2024 3:50:00 PM,12TM2_U01,N,N,N,12512.8186,12512.8186,5658.3587,12512.8186,12512.8186,
7/19/2024 3:50:00 PM,12TM2_U02,N,N,N,12512.8186,12512.8186,6671.7104,12512.8186,12512.8186,
7/19/2024 3:50:00 PM,12TRE_T1L1,N,N,N,13000.3611,13000.3611,8076.0550,13000.3611,13000.3611,
7/19/2024 3:50:00 PM,13ASU_T1L1,N,N,N,12596.1988,12596.1988,8076.0550,12596.1988,12596.1988,
7/19/2024 3:50:00 PM,13BAJ_T1L1,N,N,N,11965.0571,11965.0571,8076.0550,11965.0571,11965.0571,
7/19/2024 3:50:00 PM,13BNS_T1L1,N,N,N,11807.5612,11807.5612,8076.0550,11807.5612,11807.5612,
7/19/2024 3:50:00 PM,13BNY_T1L1,N,N,N,12500.08,12500.08,8076.0550,12500.08,12500.08,
7/19/2024 3:50:00 PM,13BUNAW_SS,N,N,N,11858.5158,11858.5158,8076.0550,11858.5158,11858.5158,
7/19/2024 3:50:00 PM,13CULAMAN_SS,N,N,N,11485.6210,11485.6210,8076.0550,11485.6210,11485.6210,
7/19/2024 3:50:00 PM,13DAVAO_SS,N,N,N,11965.0571,11965.0571,8076.0550,11965.0571,11965.0571,
7/19/2024 3:50:00 PM,13DAV_T1L1,N,N,N,11756.6066,11756.6066,8076.0550,11756.6066,11756.6066,
7/19/2024 3:50:00 PM,13DCPP_U01,N,N,N,11750.8164,11750.8164,6307.3097,11750.8164,11750.8164,
7/19/2024 3:50:00 PM,13DCPP_U02,N,N,N,11750.8164,11750.8164,6310.1493,11750.8164,11750.8164,
7/19/2024 3:50:00 PM,13DIGSOL_G01,N,N,N,11807.5612,11807.5612,4936.6860,11807.5612,11807.5612,
7/19/2024 3:50:00 PM,13DIG_T1L1,N,N,N,11969.6894,11969.6894,8076.0550,11969.6894,11969.6894,
7/19/2024 3:50:00 PM,13DIG_T2L1,N,N,N,11807.5612,11807.5612,8076.0550,11807.5612,11807.5612,
7/19/2024 3:50:00 PM,13DIG_T3L1,N,N,N,11756.6066,11756.6066,8076.0550,11756.6066,11756.6066,
7/19/2024 3:50:00 PM,13DLP_T1L1,N,N,N,11969.6894,11969.6894,8076.0550,11969.6894,11969.6894,
7/19/2024 3:50:00 PM,13DLP_T1L2,N,N,N,11969.6894,11969.6894,8076.0550,11969.6894,11969.6894,
7/19/2024 3:50:00 PM,13DLP_T1L3,N,N,N,11969.6894,11969.6894,8076.0550,11969.6894,11969.6894,
7/19/2024 3:50:00 PM,13DLP_T2L1,N,N,N,11954.6346,11954.6346,8076.0550,11954.6346,11954.6346,
7/19/2024 3:50:00 PM,13DRA_T1L1,N,N,N,11951.1604,11951.1604,8076.0550,11951.1604,11951.1604,
7/19/2024 3:50:00 PM,13DRA_T1L2,N,N,N,11951.1604,11951.1604,8076.0550,11951.1604,11951.1604,
7/19/2024 3:50:00 PM,13DSP_T1L1,N,N,N,11807.5612,11807.5612,8076.0550,11807.5612,11807.5612,
7/19/2024 3:50:00 PM,13DSR_T1L1,N,N,N,11487.9372,11487.9372,8076.0550,11487.9372,11487.9372,
7/19/2024 3:50:00 PM,13EUROH_G01,N,N,N,12596.1988,12596.1988,6732.7405,12596.1988,12596.1988,
7/19/2024 3:50:00 PM,13MACO_BAT,N,N,N,12500.08,12500.08,4846.3175,12500.08,12500.08,
7/19/2024 3:50:00 PM,13MACO_SS,N,N,N,12498.9219,12498.9219,8076.0550,12498.9219,12498.9219,
7/19/2024 3:50:00 PM,13MAGDBNK_G01,N,N,N,12500.08,12500.08,6666.4242,12500.08,12500.08,
7/19/2024 3:50:00 PM,13MAGDBNK_U01,N,N,N,12500.08,12500.08,12444.2831,12500.08,12500.08,
7/19/2024 3:50:00 PM,13MAGDBNK_U02,N,N,N,12500.08,12500.08,12519.9777,12500.08,12500.08,
7/19/2024 3:50:00 PM,13MAGDBNK_U03,N,N,N,12500.08,12500.08,12516.0562,12500.08,12500.08,
7/19/2024 3:50:00 PM,13MALITA_BAT,N,N,N,11487.9372,11487.9372,8833.4396,11487.9372,11487.9372,
7/19/2024 3:50:00 PM,13MATAN_SS,N,N,N,11563.2109,11563.2109,8076.0550,11563.2109,11563.2109,
7/19/2024 3:50:00 PM,13MATIBNK_G01,N,N,N,12500.08,12500.08,6615.7614,12500.08,12500.08,
7/19/2024 3:50:00 PM,13MON_T1L1,N,N,N,12596.1988,12596.1988,8076.0550,12596.1988,12596.1988,
7/19/2024 3:50:00 PM,13MPCDIG_G01,N,N,N,11807.5612,11807.5612,6351.6859,11807.5612,11807.5612,
7/19/2024 3:50:00 PM,13MSR_T1L1,N,N,N,12596.1988,12596.1988,8076.0550,12596.1988,12596.1988,
7/19/2024 3:50:00 PM,13NABUN_SS,N,N,N,12596.1988,12596.1988,8076.0550,12596.1988,12596.1988,
7/19/2024 3:50:00 PM,13PMA_T1L1,N,N,N,11807.5612,11807.5612,8076.0550,11807.5612,11807.5612,
7/19/2024 3:50:00 PM,13SIBULAN_G01,N,N,N,11965.0571,11965.0571,6887.0491,11965.0571,11965.0571,
7/19/2024 3:50:00 PM,13SMC_U01,N,N,N,11426.5601,11426.5601,4003.2302,11426.5601,11426.5601,
7/19/2024 3:50:00 PM,13SMC_U02,N,N,N,11580.5818,11580.5818,3981.7803,11580.5818,11580.5818,
7/19/2024 3:50:00 PM,13TALOM1_G01,N,N,N,11969.6894,11969.6894,5824.5020,11969.6894,11969.6894,
7/19/2024 3:50:00 PM,13TALOM23_G01,N,N,N,11965.0571,11965.0571,6184.5456,11965.0571,11965.0571,
7/19/2024 3:50:00 PM,13TGM_T1L1,N,N,N,12500.08,12500.08,8076.0550,12500.08,12500.08,
7/19/2024 3:50:00 PM,13THERMA1_SS,N,N,N,12497.7639,12497.7639,8076.0550,12497.7639,12497.7639,
7/19/2024 3:50:00 PM,13TM1_U01,N,N,N,12497.7639,12497.7639,6665.6508,12497.7639,12497.7639,
7/19/2024 3:50:00 PM,13TM1_U02,N,N,N,12497.7639,12497.7639,6665.6508,12497.7639,12497.7639,
7/19/2024 3:50:00 PM,13TORIL_SS,N,N,N,11839.9868,11839.9868,8076.0550,11839.9868,11839.9868,
7/19/2024 3:50:00 PM,13TUDAY2_G01,N,N,N,11969.6894,11969.6894,6510.9577,11969.6894,11969.6894,
7/19/2024 3:50:00 PM,14ALMADA_G01,N,N,N,12758.3270,12758.3270,7497.4969,12758.3270,12758.3270,
7/19/2024 3:50:00 PM,14ASTROSOL_G01,N,N,N,11897.8897,11897.8897,5209.4117,11897.8897,11897.8897,
7/19/2024 3:50:00 PM,14BGN_T1L1,N,N,N,11705.6521,11705.6521,8076.0550,11705.6521,11705.6521,
7/19/2024 3:50:00 PM,14BGN_T2L1,N,N,N,12216.3557,12216.3557,8076.0550,12216.3557,12216.3557,
7/19/2024 3:50:00 PM,14BIOGS_G01,N,N,N,12216.3557,12216.3557,6319.8239,12216.3557,12216.3557,
7/19/2024 3:50:00 PM,14BIOMS_U01,N,N,N,12216.3557,12216.3557,5183.7266,12216.3557,12216.3557,
7/19/2024 3:50:00 PM,14COTSUGR_G01,N,N,N,11705.6521,11705.6521,6278.5197,11705.6521,11705.6521,
7/19/2024 3:50:00 PM,14DSA_T1L1,N,N,N,12758.3270,12758.3270,8076.0550,12758.3270,12758.3270,
7/19/2024 3:50:00 PM,14DSA_T2L1,N,N,N,12216.3557,12216.3557,8076.0550,12216.3557,12216.3557,
7/19/2024 3:50:00 PM,14GENSAN_SS,N,N,N,11897.8897,11897.8897,8076.0550,11897.8897,11897.8897,
7/19/2024 3:50:00 PM,14GERBIO_G01,N,N,N,12216.3557,12216.3557,6622.5916,12216.3557,12216.3557,
7/19/2024 3:50:00 PM,14GLA_T1L1,N,N,N,11897.8897,11897.8897,8076.0550,11897.8897,11897.8897,
7/19/2024 3:50:00 PM,14KAMANGA_SS,N,N,N,11556.2626,11556.2626,8076.0550,11556.2626,11556.2626,
7/19/2024 3:50:00 PM,14KAM_L03,N,N,N,11897.8897,11897.8897,8076.0550,11897.8897,11897.8897,
7/19/2024 3:50:00 PM,14KIDAP_SS,N,N,N,11697.5457,11697.5457,8076.0550,11697.5457,11697.5457,
7/19/2024 3:50:00 PM,14KLN_T1L1,N,N,N,12216.3557,12216.3557,8076.0550,12216.3557,12216.3557,
7/19/2024 3:50:00 PM,14LAMSAN_G01,N,N,N,12758.3270,12758.3270,4723.9321,12758.3270,12758.3270,
7/19/2024 3:50:00 PM,14LLE_T1L1,N,N,N,11897.8897,11897.8897,8076.0550,11897.8897,11897.8897,
7/19/2024 3:50:00 PM,14MARBEL_U01,N,N,N,12216.3557,12216.3557,5153.9939,12216.3557,12216.3557,
7/19/2024 3:50:00 PM,14MID_T1L1,N,N,N,12758.3270,12758.3270,8076.0550,12758.3270,12758.3270,
7/19/2024 3:50:00 PM,14MTAPO_U01,N,N,N,11694.0715,11694.0715,6283.3912,11694.0715,11694.0715,
7/19/2024 3:50:00 PM,14MTAPO_U02,N,N,N,11695.2296,11695.2296,6246.4939,11695.2296,11695.2296,
7/19/2024 3:50:00 PM,14MTAPO_U03,N,N,N,11705.6521,11705.6521,6278.6172,11705.6521,11705.6521,
7/19/2024 3:50:00 PM,14NVSOL_G01,N,N,N,12216.3557,12216.3557,5996.1575,12216.3557,12216.3557,
7/19/2024 3:50:00 PM,14PKPSOC_G01,N,N,N,11897.8897,11897.8897,5232.5046,11897.8897,11897.8897,
7/19/2024 3:50:00 PM,14PTU_T1L1,N,N,N,11897.8897,11897.8897,8076.0550,11897.8897,11897.8897,
7/19/2024 3:50:00 PM,14SARANG_U01,N,N,N,11897.8897,11897.8897,6418.1918,11897.8897,11897.8897,
7/19/2024 3:50:00 PM,14SARANG_U02,N,N,N,11553.9465,11553.9465,6267.7146,11553.9465,11553.9465,
7/19/2024 3:50:00 PM,14SIGHYDRO_G01,N,N,N,11897.8897,11897.8897,6290.9444,11897.8897,11897.8897,
7/19/2024 3:50:00 PM,14SKU_T1L1,N,N,N,12758.3270,12758.3270,8076.0550,12758.3270,12758.3270,
7/19/2024 3:50:00 PM,14SMY_T1L1,N,N,N,12758.3270,12758.3270,8076.0550,12758.3270,12758.3270,
7/19/2024 3:50:00 PM,14SPGI_U01,N,N,N,12216.3557,12216.3557,8124.5489,12216.3557,12216.3557,
7/19/2024 3:50:00 PM,14SRL_T1L1,N,N,N,12216.3557,12216.3557,8076.0550,12216.3557,12216.3557,
7/19/2024 3:50:00 PM,14SULTAN_SS,N,N,N,12752.5367,12752.5367,8076.0550,12752.5367,12752.5367,
7/19/2024 3:50:00 PM,14SUPKOR_G01,N,N,N,12216.3557,12216.3557,6622.5916,12216.3557,12216.3557,
7/19/2024 3:50:00 PM,14TACSUR_L02,N,N,N,12216.3557,12216.3557,8076.0550,12216.3557,12216.3557,
7/19/2024 3:50:00 PM,14TACUR_SS,N,N,N,12216.3557,12216.3557,8076.0550,12216.3557,12216.3557,
7/19/2024 3:50:00 PM,14TIN_T1L1,N,N,N,11897.8897,11897.8897,8076.0550,11897.8897,11897.8897,
7/19/2024 3:50:00 PM,14TIN_T1L2,N,N,N,11897.8897,11897.8897,8076.0550,11897.8897,11897.8897,
EOF
