TIME_INTERVAL,RESOURCE_NAME,AP_FLAG,SEC_FLAG,PSM_FLAG,DIPC_PRICE,RTD_PRICE,ADMIN_PRICE,SEC_PRICE,PSM_PRICE,
1/8/2025 10:15:00 AM,01ACNPC_G01,N,N,N,3540.1545,3540.1545,-3816.1215,3540.1545,3540.1545,
1/8/2025 10:15:00 AM,01AEC_L01,N,N,N,3545.1638,3545.1638,-2001.6523,3545.1638,3545.1638,
1/8/2025 10:15:00 AM,01AMBUK_SS,N,N,N,3559.4762,3559.4762,-2001.6523,3559.4762,3559.4762,
1/8/2025 10:15:00 AM,01AMBUK_T1L1,N,N,N,3559.4762,3559.4762,-2001.6523,3559.4762,3559.4762,
1/8/2025 10:15:00 AM,01AMBUK_U01,N,N,N,3559.4762,3559.4762,2433.3876,3559.4762,3559.4762,
1/8/2025 10:15:00 AM,01AMBUK_U02,N,N,N,3559.1184,3559.1184,-10004.0754,3559.1184,3559.1184,
1/8/2025 10:15:00 AM,01AMBUK_U03,N,N,N,3559.4762,3559.4762,-4311.1509,3559.4762,3559.4762,
1/8/2025 10:15:00 AM,01AMPHAW_G01,N,N,N,3555.1825,3555.1825,-2554.2733,3555.1825,3555.1825,
1/8/2025 10:15:00 AM,01ANDA_G01,N,N,N,3545.1638,3545.1638,3219.1687,3545.1638,3545.1638,
1/8/2025 10:15:00 AM,01ANGAT_A,N,N,N,3565.9167,3565.9167,414.2360,3565.9167,3565.9167,
1/8/2025 10:15:00 AM,01ANGAT_M,N,N,N,3576.2932,3576.2932,3677.3871,3576.2932,3576.2932,
1/8/2025 10:15:00 AM,01ANGAT_SS,N,N,N,3573.7885,3573.7885,-2001.6523,3573.7885,3573.7885,
1/8/2025 10:15:00 AM,01ANGAT_T5L1,N,N,N,3578.0822,3578.0822,-2001.6523,3578.0822,3578.0822,
1/8/2025 10:15:00 AM,01APEC_G01,N,N,N,3545.1638,3545.1638,-1157.6084,3545.1638,3545.1638,
1/8/2025 10:15:00 AM,01ARAYSOL_G01,N,N,N,3545.1638,3545.1638,-1855.0544,3545.1638,3545.1638,
1/8/2025 10:15:00 AM,01ARAYSOL_G02,N,N,N,3545.1638,3545.1638,-1979.8728,3545.1638,3545.1638,
1/8/2025 10:15:00 AM,01ARESOL_G01,N,N,N,3540.1545,3540.1545,-2621.8617,3540.1545,3540.1545,
1/8/2025 10:15:00 AM,01ARMSOL_G01,N,N,N,3540.1545,3540.1545,-3377.6252,3540.1545,3540.1545,
1/8/2025 10:15:00 AM,01BAKSIP_G01,N,N,N,3555.1825,3555.1825,-1344.6165,3555.1825,3555.1825,
1/8/2025 10:15:00 AM,01BAKUN_G01,N,N,N,3461.0789,3461.0789,-1879.7013,3461.0789,3461.0789,
1/8/2025 10:15:00 AM,01BAKUN_SS,N,N,N,3461.7945,3461.7945,-2001.6523,3461.7945,3461.7945,
1/8/2025 10:15:00 AM,01BALNEO_L01,N,N,N,3524.4110,3524.4110,-2001.6523,3524.4110,3524.4110,
1/8/2025 10:15:00 AM,01BALNEO_L02,N,N,N,3524.4110,3524.4110,-2001.6523,3524.4110,3524.4110,
1/8/2025 10:15:00 AM,01BALNEO_SS,N,N,N,3518.3282,3518.3282,-2001.6523,3518.3282,3518.3282,
1/8/2025 10:15:00 AM,01BALSIK_SS,N,N,N,3482.5474,3482.5474,-2001.6523,3482.5474,3482.5474,
1/8/2025 10:15:00 AM,01BALWIND_G01,N,N,N,3240.3112,3240.3112,-8985.2267,3240.3112,3240.3112,
1/8/2025 10:15:00 AM,01BANTAY_SS,N,N,N,3368.4066,3368.4066,-2001.6523,3368.4066,3368.4066,
1/8/2025 10:15:00 AM,01BATAAN_SS,N,N,N,3408.8389,3408.8389,-2001.6523,3408.8389,3408.8389,
1/8/2025 10:15:00 AM,01BAUANG_GS1,N,N,N,3524.4110,3524.4110,-3181,3524.4110,3524.4110,
1/8/2025 10:15:00 AM,01BAUANG_GS2,N,N,N,3524.4110,3524.4110,-3181,3524.4110,3524.4110,
1/8/2025 10:15:00 AM,01BAUANG_GS3,N,N,N,3524.4110,3524.4110,-3181,3524.4110,3524.4110,
1/8/2025 10:15:00 AM,01BAUANG_SS,N,N,N,3525.4844,3525.4844,-2001.6523,3525.4844,3525.4844,
1/8/2025 10:15:00 AM,01BAUAN_T1L1,N,N,N,3526.5578,3526.5578,-2001.6523,3526.5578,3526.5578,
1/8/2025 10:15:00 AM,01BAUAN_T1L2,N,N,N,3526.5578,3526.5578,-2001.6523,3526.5578,3526.5578,
1/8/2025 10:15:00 AM,01BAUAN_T1L3,N,N,N,3526.20,3526.20,-2001.6523,3526.20,3526.20,
1/8/2025 10:15:00 AM,01BAUAN_T2L1,N,N,N,3526.5578,3526.5578,-2001.6523,3526.5578,3526.5578,
1/8/2025 10:15:00 AM,01BAUAN_T2L2,N,N,N,3526.20,3526.20,-2001.6523,3526.20,3526.20,
1/8/2025 10:15:00 AM,01BCNOT_SS,N,N,N,3499.0066,3499.0066,-2001.6523,3499.0066,3499.0066,
1/8/2025 10:15:00 AM,01BCNOT_T1L1,N,N,N,3499.7222,3499.7222,-2001.6523,3499.7222,3499.7222,
1/8/2025 10:15:00 AM,01BCNOT_T1L2,N,N,N,3499.7222,3499.7222,-2001.6523,3499.7222,3499.7222,
1/8/2025 10:15:00 AM,01BINENG_G01,N,N,N,3555.1825,3555.1825,-3209.0070,3555.1825,3555.1825,
1/8/2025 10:15:00 AM,01BINGA_SS,N,N,N,3552.32,3552.32,-2001.6523,3552.32,3552.32,
1/8/2025 10:15:00 AM,01BINGA_T1L1,N,N,N,3552.32,3552.32,-2001.6523,3552.32,3552.32,
1/8/2025 10:15:00 AM,01BINGA_U01,N,N,N,3552.32,3552.32,2878.5335,3552.32,3552.32,
1/8/2025 10:15:00 AM,01BINGA_U02,N,N,N,3552.32,3552.32,-3213.8809,3552.32,3552.32,
1/8/2025 10:15:00 AM,01BINGA_U03,N,N,N,3552.32,3552.32,-9985.7361,3552.32,3552.32,
1/8/2025 10:15:00 AM,01BINGA_U04,N,N,N,3552.32,3552.32,3185.3331,3552.32,3552.32,
1/8/2025 10:15:00 AM,01BNTAY_T1L1,N,N,N,3369.48,3369.48,-2001.6523,3369.48,3369.48,
1/8/2025 10:15:00 AM,01BNTAY_T1L2,N,N,N,3369.48,3369.48,-2001.6523,3369.48,3369.48,
1/8/2025 10:15:00 AM,01BNTAY_T1L3,N,N,N,3369.48,3369.48,-2001.6523,3369.48,3369.48,
1/8/2025 10:15:00 AM,01BONGSOL_G01,N,N,N,3561.2652,3561.2652,-6632.3746,3561.2652,3561.2652,
1/8/2025 10:15:00 AM,01BOSUNG_G01,N,N,N,3261.4219,3261.4219,-2141.2248,3261.4219,3261.4219,
1/8/2025 10:15:00 AM,01BOTOLAN_SS,N,N,N,3454.6384,3454.6384,-2001.6523,3454.6384,3454.6384,
1/8/2025 10:15:00 AM,01BOTOL_T1L1,N,N,N,3448.1978,3448.1978,-2001.6523,3448.1978,3448.1978,
1/8/2025 10:15:00 AM,01BOTOL_T1L2,N,N,N,3448.1978,3448.1978,-2001.6523,3448.1978,3448.1978,
1/8/2025 10:15:00 AM,01BPC_T1L1,N,N,N,3408.8389,3408.8389,-2001.6523,3408.8389,3408.8389,
1/8/2025 10:15:00 AM,01BPC_T2L2,N,N,N,3408.8389,3408.8389,-2001.6523,3408.8389,3408.8389,
1/8/2025 10:15:00 AM,01BPPC_SS,N,N,N,3524.4110,3524.4110,-2001.6523,3524.4110,3524.4110,
1/8/2025 10:15:00 AM,01BT2020_G01,N,N,N,3469.6663,3469.6663,-3205.6285,3469.6663,3469.6663,
1/8/2025 10:15:00 AM,01BT2020_G02,N,N,N,3469.6663,3469.6663,-3205.6285,3469.6663,3469.6663,
1/8/2025 10:15:00 AM,01BTNSOL_G01,N,N,N,3409.9123,3409.9123,-4786.4528,3409.9123,3409.9123,
1/8/2025 10:15:00 AM,01BTPP_T3L1,N,N,N,3409.9123,3409.9123,-2001.6523,3409.9123,3409.9123,
1/8/2025 10:15:00 AM,01BTPP_T3L2,N,N,N,3409.9123,3409.9123,-2001.6523,3409.9123,3409.9123,
1/8/2025 10:15:00 AM,01BTPP_T3L3,N,N,N,3409.9123,3409.9123,-2001.6523,3409.9123,3409.9123,
1/8/2025 10:15:00 AM,01BTPP_T3L4,N,N,N,3409.9123,3409.9123,-2001.6523,3409.9123,3409.9123,
1/8/2025 10:15:00 AM,01BTPP_T3L5,N,N,N,3409.9123,3409.9123,-2001.6523,3409.9123,3409.9123,
1/8/2025 10:15:00 AM,01BTPP_T4L1,N,N,N,3578.0822,3578.0822,-2001.6523,3578.0822,3578.0822,
1/8/2025 10:15:00 AM,01BTSOLEN_BAT,N,N,N,3409.9123,3409.9123,-1781.8726,3409.9123,3409.9123,
1/8/2025 10:15:00 AM,01BTSOLEN_G01,N,N,N,3409.9123,3409.9123,-1781.8726,3409.9123,3409.9123,
1/8/2025 10:15:00 AM,01BULSOL_G01,N,N,N,3563.0542,3563.0542,-2963.2529,3563.0542,3563.0542,
1/8/2025 10:15:00 AM,01BURGOS_G01,N,N,N,3141.9140,3141.9140,-5913.7781,3141.9140,3141.9140,
1/8/2025 10:15:00 AM,01BURGOS_G02,N,N,N,3261.4219,3261.4219,-2507.3827,3261.4219,3261.4219,
1/8/2025 10:15:00 AM,01BURGOS_G03,N,N,N,3261.4219,3261.4219,-2536.1377,3261.4219,3261.4219,
1/8/2025 10:15:00 AM,01BURGOS_SS,N,N,N,3142.2718,3142.2718,-2001.6523,3142.2718,3142.2718,
1/8/2025 10:15:00 AM,01BUTAO_G01,N,N,N,3528.3468,3528.3468,-5245.1516,3528.3468,3528.3468,
1/8/2025 10:15:00 AM,01BYOMB_DID,N,N,N,3598.1195,3598.1195,-2001.6523,3598.1195,3598.1195,
1/8/2025 10:15:00 AM,01BYOMB_SS,N,N,N,3597.7616,3597.7616,-2001.6523,3597.7616,3597.7616,
1/8/2025 10:15:00 AM,01BYOMB_T1L1,N,N,N,3600.6241,3600.6241,-2001.6523,3600.6241,3600.6241,
1/8/2025 10:15:00 AM,01BYOMB_T1L2,N,N,N,3598.1195,3598.1195,-2001.6523,3598.1195,3598.1195,
1/8/2025 10:15:00 AM,01BYOMB_T1L3,N,N,N,3600.6241,3600.6241,-2001.6523,3600.6241,3600.6241,
1/8/2025 10:15:00 AM,01CABSOL_G01,N,N,N,3559.8340,3559.8340,-2006.0285,3559.8340,3559.8340,
1/8/2025 10:15:00 AM,01CAGBIO_G01,N,N,N,3660.7359,3660.7359,-3269.8685,3660.7359,3660.7359,
1/8/2025 10:15:00 AM,01CAGYSOL_G01,N,N,N,3693.2964,3693.2964,-2818.8406,3693.2964,3693.2964,
1/8/2025 10:15:00 AM,01CALIBUNK_G01,N,N,N,3545.1638,3545.1638,-3227.0221,3545.1638,3545.1638,
1/8/2025 10:15:00 AM,01CAPRIS_G01,N,N,N,3067.8477,3067.8477,-3254.2317,3067.8477,3067.8477,
1/8/2025 10:15:00 AM,01CAPRIS_G02,N,N,N,3067.8477,3067.8477,-2407.8765,3067.8477,3067.8477,
1/8/2025 10:15:00 AM,01CASECN_G01,N,N,N,3528.3468,3528.3468,3574.1214,3528.3468,3528.3468,
1/8/2025 10:15:00 AM,01CASECN_SS,N,N,N,3528.3468,3528.3468,-2001.6523,3528.3468,3528.3468,
1/8/2025 10:15:00 AM,01CAYBSOL_G01,N,N,N,3484.3364,3484.3364,-3105.3178,3484.3364,3484.3364,
1/8/2025 10:15:00 AM,01CBNTU_SS,N,N,N,3561.2652,3561.2652,-2001.6523,3561.2652,3561.2652,
1/8/2025 10:15:00 AM,01CBNTU_T1L1,N,N,N,3561.2652,3561.2652,-2001.6523,3561.2652,3561.2652,
1/8/2025 10:15:00 AM,01CBNTU_T1L3,N,N,N,3561.2652,3561.2652,-2001.6523,3561.2652,3561.2652,
1/8/2025 10:15:00 AM,01CBNTU_T2L1,N,N,N,3561.2652,3561.2652,-2001.6523,3561.2652,3561.2652,
1/8/2025 10:15:00 AM,01CBNTU_T2L2,N,N,N,3559.8340,3559.8340,-2001.6523,3559.8340,3559.8340,
1/8/2025 10:15:00 AM,01CBN_CELCOR,N,N,N,3559.8340,3559.8340,-2001.6523,3559.8340,3559.8340,
1/8/2025 10:15:00 AM,01CBN_CELCOR2,N,N,N,3561.2652,3561.2652,-2001.6523,3561.2652,3561.2652,
1/8/2025 10:15:00 AM,01CIP2_G01,N,N,N,3499.7222,3499.7222,-3152.4799,3499.7222,3499.7222,
1/8/2025 10:15:00 AM,01CLARK_L01,N,N,N,3545.1638,3545.1638,-2001.6523,3545.1638,3545.1638,
1/8/2025 10:15:00 AM,01CLARK_L02,N,N,N,3578.0822,3578.0822,-2001.6523,3578.0822,3578.0822,
1/8/2025 10:15:00 AM,01CLARK_L03,N,N,N,3545.1638,3545.1638,-2001.6523,3545.1638,3545.1638,
1/8/2025 10:15:00 AM,01CLARK_L04,N,N,N,3545.5216,3545.5216,-2001.6523,3545.5216,3545.5216,
1/8/2025 10:15:00 AM,01CLARK_SS,N,N,N,3545.1638,3545.1638,-2001.6523,3545.1638,3545.1638,
1/8/2025 10:15:00 AM,01CLARK_T1L1,N,N,N,3545.1638,3545.1638,-2001.6523,3545.1638,3545.1638,
1/8/2025 10:15:00 AM,01CLARK_T1L2,N,N,N,3578.0822,3578.0822,-2001.6523,3578.0822,3578.0822,
1/8/2025 10:15:00 AM,01CLARK_T2L1,N,N,N,3545.5216,3545.5216,-2001.6523,3545.5216,3545.5216,
1/8/2025 10:15:00 AM,01CLASOL_G01,N,N,N,3545.1638,3545.1638,-3832.2284,3545.1638,3545.1638,
1/8/2025 10:15:00 AM,01CLEANG_G01,N,N,N,3469.6663,3469.6663,-3205.6285,3469.6663,3469.6663,
1/8/2025 10:15:00 AM,01CNCEP_BAT,N,N,N,3540.1545,3540.1545,-3220.9159,3540.1545,3540.1545,
1/8/2025 10:15:00 AM,01CNCEP_CAT,N,N,N,3540.1545,3540.1545,-2001.6523,3540.1545,3540.1545,
1/8/2025 10:15:00 AM,01CNCEP_DAP2,N,N,N,3540.1545,3540.1545,-2001.6523,3540.1545,3540.1545,
1/8/2025 10:15:00 AM,01CNCEP_SS,N,N,N,3540.1545,3540.1545,-2001.6523,3540.1545,3540.1545,
1/8/2025 10:15:00 AM,01CNCEP_T1L3,N,N,N,3540.1545,3540.1545,-2001.6523,3540.1545,3540.1545,
1/8/2025 10:15:00 AM,01CNCEP_TEI,N,N,N,3540.1545,3540.1545,-2001.6523,3540.1545,3540.1545,
1/8/2025 10:15:00 AM,01CN_TRELC1,N,N,N,3540.1545,3540.1545,-2001.6523,3540.1545,3540.1545,
1/8/2025 10:15:00 AM,01CN_TRELC2,N,N,N,3540.1545,3540.1545,-2001.6523,3540.1545,3540.1545,
1/8/2025 10:15:00 AM,01CONSOL_G01,N,N,N,3540.1545,3540.1545,-1260.2483,3540.1545,3540.1545,
1/8/2025 10:15:00 AM,01CRUZD_MECO,N,N,N,3563.0542,3563.0542,-2001.6523,3563.0542,3563.0542,
1/8/2025 10:15:00 AM,01CRUZD_SS,N,N,N,3563.0542,3563.0542,-2001.6523,3563.0542,3563.0542,
1/8/2025 10:15:00 AM,01CRUZD_T2L1,N,N,N,3563.0542,3563.0542,-2001.6523,3563.0542,3563.0542,
1/8/2025 10:15:00 AM,01CURIM_SS,N,N,N,3251.4033,3251.4033,-2001.6523,3251.4033,3251.4033,
1/8/2025 10:15:00 AM,01CURIM_T1L1,N,N,N,3243.8893,3243.8893,-2001.6523,3243.8893,3243.8893,
1/8/2025 10:15:00 AM,01CURIM_T1L2,N,N,N,3243.8893,3243.8893,-2001.6523,3243.8893,3243.8893,
1/8/2025 10:15:00 AM,01CURSOL_G02,N,N,N,3186.9978,3186.9978,-3377.3451,3186.9978,3186.9978,
1/8/2025 10:15:00 AM,01DALSOL_G01,N,N,N,3540.1545,3540.1545,-3991.9346,3540.1545,3540.1545,
1/8/2025 10:15:00 AM,01DOMSOL_G01,N,N,N,3528.3468,3528.3468,-2122.7514,3528.3468,3528.3468,
1/8/2025 10:15:00 AM,01DOMSOL_L01,N,N,N,3528.3468,3528.3468,-2001.6523,3528.3468,3528.3468,
1/8/2025 10:15:00 AM,01DUHAT_SS,N,N,N,3616.3677,3616.3677,-2001.6523,3616.3677,3616.3677,
1/8/2025 10:15:00 AM,01DUHAT_T1L1,N,N,N,3622.0926,3622.0926,-2001.6523,3622.0926,3622.0926,
1/8/2025 10:15:00 AM,01EHVSJ_SS,N,N,N,3559.1184,3559.1184,-2001.6523,3559.1184,3559.1184,
1/8/2025 10:15:00 AM,01EHVSM_SS,N,N,N,3526.5578,3526.5578,-2001.6523,3526.5578,3526.5578,
1/8/2025 10:15:00 AM,01GAMU_BAT,N,N,N,3665.7452,3665.7452,-3271.96,3665.7452,3665.7452,
1/8/2025 10:15:00 AM,01GAMU_BATL,N,N,N,3665.7452,3665.7452,-2001.6523,3665.7452,3665.7452,
1/8/2025 10:15:00 AM,01GAMU_SS,N,N,N,3660.7359,3660.7359,-2001.6523,3660.7359,3660.7359,
1/8/2025 10:15:00 AM,01GAMU_T1L1,N,N,N,3665.7452,3665.7452,-2001.6523,3665.7452,3665.7452,
1/8/2025 10:15:00 AM,01GAMU_T1L2,N,N,N,3660.7359,3660.7359,-2001.6523,3660.7359,3660.7359,
1/8/2025 10:15:00 AM,01GFII_G01,N,N,N,3665.7452,3665.7452,-3271.96,3665.7452,3665.7452,
1/8/2025 10:15:00 AM,01GIFT_G01,N,N,N,3561.2652,3561.2652,-3481.9420,3561.2652,3561.2652,
1/8/2025 10:15:00 AM,01GIFT_G02,N,N,N,3561.2652,3561.2652,-3563.0216,3561.2652,3561.2652,
1/8/2025 10:15:00 AM,01GIGSOL_G01,N,N,N,3448.1978,3448.1978,-3281.9135,3448.1978,3448.1978,
1/8/2025 10:15:00 AM,01GNPD_SS,N,N,N,3451.7759,3451.7759,-2001.6523,3451.7759,3451.7759,
1/8/2025 10:15:00 AM,01GNPD_U01,N,N,N,3423.1512,3423.1512,-1666.5325,3423.1512,3423.1512,
1/8/2025 10:15:00 AM,01GNPD_U02,N,N,N,3424.9403,3424.9403,-1374.2875,3424.9403,3424.9403,
1/8/2025 10:15:00 AM,01GRGOLD_G01,N,N,N,3561.2652,3561.2652,-1166.0444,3561.2652,3561.2652,
1/8/2025 10:15:00 AM,01HANJI_SS,N,N,N,3462.1523,3462.1523,-2001.6523,3462.1523,3462.1523,
1/8/2025 10:15:00 AM,01HANJI_T1L1,N,N,N,3462.1523,3462.1523,-2001.6523,3462.1523,3462.1523,
1/8/2025 10:15:00 AM,01HANJI_T2L1,N,N,N,3462.1523,3462.1523,-2001.6523,3462.1523,3462.1523,
1/8/2025 10:15:00 AM,01HERMO_FBL,N,N,N,3469.6663,3469.6663,-2001.6523,3469.6663,3469.6663,
1/8/2025 10:15:00 AM,01HERMO_SS,N,N,N,3467.8773,3467.8773,-2001.6523,3467.8773,3467.8773,
1/8/2025 10:15:00 AM,01HERMO_T1L1,N,N,N,3469.6663,3469.6663,-2001.6523,3469.6663,3469.6663,
1/8/2025 10:15:00 AM,01HERMO_T1L2,N,N,N,3469.6663,3469.6663,-2001.6523,3469.6663,3469.6663,
1/8/2025 10:15:00 AM,01HERMO_T1L3,N,N,N,3578.0822,3578.0822,-2001.6523,3578.0822,3578.0822,
1/8/2025 10:15:00 AM,01HERMO_T1L4,N,N,N,3469.6663,3469.6663,-2001.6523,3469.6663,3469.6663,
1/8/2025 10:15:00 AM,01HYPGRN_G01,N,N,N,3578.0822,3578.0822,-3256.2463,3578.0822,3578.0822,
1/8/2025 10:15:00 AM,01IBEC_G01,N,N,N,3623.5238,3623.5238,-1741.7902,3623.5238,3623.5238,
1/8/2025 10:15:00 AM,01IBULAO_G01,N,N,N,3600.6241,3600.6241,-3183.7952,3600.6241,3600.6241,
1/8/2025 10:15:00 AM,01IPOWER_G01,N,N,N,3561.2652,3561.2652,-2562.0839,3561.2652,3561.2652,
1/8/2025 10:15:00 AM,01IPOWER_G02,N,N,N,3561.2652,3561.2652,-2501.0611,3561.2652,3561.2652,
1/8/2025 10:15:00 AM,01KDAM_SS,N,N,N,3510.0986,3510.0986,-2001.6523,3510.0986,3510.0986,
1/8/2025 10:15:00 AM,01LAMAO_BAT,N,N,N,3403.1140,3403.1140,-6057.0672,3403.1140,3403.1140,
1/8/2025 10:15:00 AM,01LAMAO_SS,N,N,N,3403.1140,3403.1140,-2001.6523,3403.1140,3403.1140,
1/8/2025 10:15:00 AM,01LAOAG_SS,N,N,N,3268.2203,3268.2203,-2001.6523,3268.2203,3268.2203,
1/8/2025 10:15:00 AM,01LAOAG_T1L1,N,N,N,3265.7156,3265.7156,-2001.6523,3265.7156,3265.7156,
1/8/2025 10:15:00 AM,01LAOAG_T1L2,N,N,N,3265.7156,3265.7156,-2001.6523,3265.7156,3265.7156,
1/8/2025 10:15:00 AM,01LAOAG_T2L2,N,N,N,3261.4219,3261.4219,-2001.6523,3261.4219,3261.4219,
1/8/2025 10:15:00 AM,01LAOSOL_G01,N,N,N,3464.2992,3464.2992,-3877.0722,3464.2992,3464.2992,
1/8/2025 10:15:00 AM,01LAOSOL_SS,N,N,N,3464.2992,3464.2992,-2001.6523,3464.2992,3464.2992,
1/8/2025 10:15:00 AM,01LASUER_U01,N,N,N,3660.7359,3660.7359,3315.3634,3660.7359,3660.7359,
1/8/2025 10:15:00 AM,01LATRI_SS,N,N,N,3551.6044,3551.6044,-2001.6523,3551.6044,3551.6044,
1/8/2025 10:15:00 AM,01LATRI_T1L1,N,N,N,3555.1825,3555.1825,-2001.6523,3555.1825,3555.1825,
1/8/2025 10:15:00 AM,01LATRI_T2L1,N,N,N,3555.1825,3555.1825,-2001.6523,3555.1825,3555.1825,
1/8/2025 10:15:00 AM,01LATRI_T2L2,N,N,N,3555.1825,3555.1825,-2001.6523,3555.1825,3555.1825,
1/8/2025 10:15:00 AM,01LATRI_T2L3,N,N,N,3555.1825,3555.1825,-2001.6523,3555.1825,3555.1825,
1/8/2025 10:15:00 AM,01LAT_BENECO,N,N,N,3555.1825,3555.1825,-2001.6523,3555.1825,3555.1825,
1/8/2025 10:15:00 AM,01LAT_PHILEX,N,N,N,3555.1825,3555.1825,-2001.6523,3555.1825,3555.1825,
1/8/2025 10:15:00 AM,01LBRDR_SS,N,N,N,3502.9425,3502.9425,-2001.6523,3502.9425,3502.9425,
1/8/2025 10:15:00 AM,01LBR_CNPELC,N,N,N,3578.0822,3578.0822,-2001.6523,3578.0822,3578.0822,
1/8/2025 10:15:00 AM,01LBR_DECORP,N,N,N,3504.0159,3504.0159,-2001.6523,3504.0159,3504.0159,
1/8/2025 10:15:00 AM,01LBR_PNELC1,N,N,N,3503.3003,3503.3003,-2001.6523,3503.3003,3503.3003,
1/8/2025 10:15:00 AM,01LIMAY_BAT,N,N,N,3409.9123,3409.9123,-4251.7578,3409.9123,3409.9123,
1/8/2025 10:15:00 AM,01LIMAY_SS,N,N,N,3408.4811,3408.4811,-2001.6523,3408.4811,3408.4811,
1/8/2025 10:15:00 AM,01LIMAY_U01,N,N,N,3408.4811,3408.4811,-3187.1287,3408.4811,3408.4811,
1/8/2025 10:15:00 AM,01LIMAY_U02,N,N,N,3408.4811,3408.4811,-3187.1287,3408.4811,3408.4811,
1/8/2025 10:15:00 AM,01LIMAY_U03,N,N,N,3408.4811,3408.4811,-3187.1287,3408.4811,3408.4811,
1/8/2025 10:15:00 AM,01LIMAY_U04,N,N,N,3408.4811,3408.4811,-3187.1287,3408.4811,3408.4811,
1/8/2025 10:15:00 AM,01LIMAY_U05,N,N,N,3408.4811,3408.4811,-3187.1287,3408.4811,3408.4811,
1/8/2025 10:15:00 AM,01LIMAY_U06,N,N,N,3408.4811,3408.4811,-3187.1287,3408.4811,3408.4811,
1/8/2025 10:15:00 AM,01LIMAY_U07,N,N,N,3408.4811,3408.4811,-3187.1287,3408.4811,3408.4811,
1/8/2025 10:15:00 AM,01LIMAY_U08,N,N,N,3408.4811,3408.4811,-3187.1287,3408.4811,3408.4811,
1/8/2025 10:15:00 AM,01MAEC_G01,N,N,N,3186.9978,3186.9978,-3352.72,3186.9978,3186.9978,
1/8/2025 10:15:00 AM,01MAEC_S01,N,N,N,3186.9978,3186.9978,-2001.6523,3186.9978,3186.9978,
1/8/2025 10:15:00 AM,01MAGAPIT_BAT,N,N,N,3693.2964,3693.2964,-3268.2477,3693.2964,3693.2964,
1/8/2025 10:15:00 AM,01MAGAT_BAT,N,N,N,3614.9364,3614.9364,-3269.5641,3614.9364,3614.9364,
1/8/2025 10:15:00 AM,01MAGAT_SS,N,N,N,3614.9364,3614.9364,-2001.6523,3614.9364,3614.9364,
1/8/2025 10:15:00 AM,01MAGAT_U01,N,N,N,3614.9364,3614.9364,3146.2163,3614.9364,3614.9364,
1/8/2025 10:15:00 AM,01MAGAT_U02,N,N,N,3614.9364,3614.9364,3149.3377,3614.9364,3614.9364,
1/8/2025 10:15:00 AM,01MAGAT_U03,N,N,N,3614.9364,3614.9364,-3269.5641,3614.9364,3614.9364,
1/8/2025 10:15:00 AM,01MAGAT_U04,N,N,N,3614.9364,3614.9364,1569.1344,3614.9364,3614.9364,
1/8/2025 10:15:00 AM,01MALOL_SS,N,N,N,3560.9074,3560.9074,-2001.6523,3560.9074,3560.9074,
1/8/2025 10:15:00 AM,01MALOL_T1L1,N,N,N,3569.4948,3569.4948,-2001.6523,3569.4948,3569.4948,
1/8/2025 10:15:00 AM,01MANSOK_G01,N,N,N,3555.1825,3555.1825,-3209.0070,3555.1825,3555.1825,
1/8/2025 10:15:00 AM,01MAREHV_SS,N,N,N,3499.3644,3499.3644,-2001.6523,3499.3644,3499.3644,
1/8/2025 10:15:00 AM,01MARIS_U01,N,N,N,3623.5238,3623.5238,-3173.2487,3623.5238,3623.5238,
1/8/2025 10:15:00 AM,01MARIS_U02,N,N,N,3623.5238,3623.5238,-2892.5109,3623.5238,3623.5238,
1/8/2025 10:15:00 AM,01MARSOL_G01,N,N,N,3392.7375,3392.7375,-2468.4393,3392.7375,3392.7375,
1/8/2025 10:15:00 AM,01MARVEL_AUX,N,N,N,3392.0219,3392.0219,-2001.6523,3392.0219,3392.0219,
1/8/2025 10:15:00 AM,01MARVEL_G01,N,N,N,3391.3063,3391.3063,-1399.7355,3391.3063,3391.3063,
1/8/2025 10:15:00 AM,01MARVEL_G02,N,N,N,3391.3063,3391.3063,-1410.3525,3391.3063,3391.3063,
1/8/2025 10:15:00 AM,01MARVEL_SS,N,N,N,3392.0219,3392.0219,-2001.6523,3392.0219,3392.0219,
1/8/2025 10:15:00 AM,01MASIWA_G01,N,N,N,3561.2652,3561.2652,3697.4577,3561.2652,3561.2652,
1/8/2025 10:15:00 AM,01MASIWA_SS,N,N,N,3561.2652,3561.2652,-2001.6523,3561.2652,3561.2652,
1/8/2025 10:15:00 AM,01MATUNO_G01,N,N,N,3598.1195,3598.1195,-3089.1201,3598.1195,3598.1195,
1/8/2025 10:15:00 AM,01MEGASOL_G01,N,N,N,3660.7359,3660.7359,-2919.0860,3660.7359,3660.7359,
1/8/2025 10:15:00 AM,01MEXICO_SS,N,N,N,3545.1638,3545.1638,-2001.6523,3545.1638,3545.1638,
1/8/2025 10:15:00 AM,01MEX_AEC,N,N,N,3545.1638,3545.1638,-2001.6523,3545.1638,3545.1638,
1/8/2025 10:15:00 AM,01MEX_CISP,N,N,N,3545.1638,3545.1638,-2001.6523,3545.1638,3545.1638,
1/8/2025 10:15:00 AM,01MEX_CLARK1,N,N,N,3545.1638,3545.1638,-2001.6523,3545.1638,3545.1638,
1/8/2025 10:15:00 AM,01MEX_CLARK2,N,N,N,3545.1638,3545.1638,-2001.6523,3545.1638,3545.1638,
1/8/2025 10:15:00 AM,01MEX_CND,N,N,N,3545.1638,3545.1638,-2001.6523,3545.1638,3545.1638,
1/8/2025 10:15:00 AM,01MEX_L01,N,N,N,3545.1638,3545.1638,-2001.6523,3545.1638,3545.1638,
1/8/2025 10:15:00 AM,01MEX_MIC,N,N,N,3545.1638,3545.1638,-2001.6523,3545.1638,3545.1638,
1/8/2025 10:15:00 AM,01MEX_PELCO1,N,N,N,3545.1638,3545.1638,-2001.6523,3545.1638,3545.1638,
1/8/2025 10:15:00 AM,01MEX_PIMP,N,N,N,3545.1638,3545.1638,-2001.6523,3545.1638,3545.1638,
1/8/2025 10:15:00 AM,01MEX_SFLAPC,N,N,N,3545.1638,3545.1638,-2001.6523,3545.1638,3545.1638,
1/8/2025 10:15:00 AM,01MEX_SKK,N,N,N,3545.1638,3545.1638,-2001.6523,3545.1638,3545.1638,
1/8/2025 10:15:00 AM,01MPGC_SS,N,N,N,3448.5556,3448.5556,-2001.6523,3448.5556,3448.5556,
1/8/2025 10:15:00 AM,01MPGC_U01,N,N,N,3434.9589,3434.9589,-1120.7423,3434.9589,3434.9589,
1/8/2025 10:15:00 AM,01MPGC_U02,N,N,N,3435.6745,3435.6745,-1090.8610,3435.6745,3435.6745,
1/8/2025 10:15:00 AM,01MPGC_U03,N,N,N,3435.3167,3435.3167,-1855.3071,3435.3167,3435.3167,
1/8/2025 10:15:00 AM,01MPGC_U04,N,N,N,3437.4636,3437.4636,2104.6233,3437.4636,3437.4636,
1/8/2025 10:15:00 AM,01MRVEL_T1L1,N,N,N,3392.7375,3392.7375,-2001.6523,3392.7375,3392.7375,
1/8/2025 10:15:00 AM,01MSINLO_BAT,N,N,N,3400.9671,3400.9671,-3120.7448,3400.9671,3400.9671,
1/8/2025 10:15:00 AM,01MSINLO_G01,N,N,N,3400.2515,3400.2515,-2441.5553,3400.2515,3400.2515,
1/8/2025 10:15:00 AM,01MSINLO_G02,N,N,N,3400.2515,3400.2515,-1596.7536,3400.2515,3400.2515,
1/8/2025 10:15:00 AM,01MSINLO_G03,N,N,N,3400.2515,3400.2515,-2518.6364,3400.2515,3400.2515,
1/8/2025 10:15:00 AM,01MSINLO_SS,N,N,N,3400.9671,3400.9671,-2001.6523,3400.9671,3400.9671,
1/8/2025 10:15:00 AM,01NIABAL_G01,N,N,N,3623.5238,3623.5238,-650.3997,3623.5238,3623.5238,
1/8/2025 10:15:00 AM,01NMHC_G01,N,N,N,3555.1825,3555.1825,-1361.4313,3555.1825,3555.1825,
1/8/2025 10:15:00 AM,01NMHC_G03,N,N,N,3555.1825,3555.1825,-9645.2219,3555.1825,3555.1825,
1/8/2025 10:15:00 AM,01NSNMN_L01,N,N,N,3578.0822,3578.0822,-2001.6523,3578.0822,3578.0822,
1/8/2025 10:15:00 AM,01NSNMN_L02,N,N,N,3529.7781,3529.7781,-2001.6523,3529.7781,3529.7781,
1/8/2025 10:15:00 AM,01NSNMN_SS,N,N,N,3528.3468,3528.3468,-2001.6523,3528.3468,3528.3468,
1/8/2025 10:15:00 AM,01NSNMN_T1L1,N,N,N,3578.0822,3578.0822,-2001.6523,3578.0822,3578.0822,
1/8/2025 10:15:00 AM,01NUEVASOL_G01,N,N,N,3561.2652,3561.2652,-3230.5660,3561.2652,3561.2652,
1/8/2025 10:15:00 AM,01NWIND_G01,N,N,N,3261.4219,3261.4219,-5314.1841,3261.4219,3261.4219,
1/8/2025 10:15:00 AM,01NWIND_G02,N,N,N,3261.4219,3261.4219,-5705.2195,3261.4219,3261.4219,
1/8/2025 10:15:00 AM,01NWIND_L01,N,N,N,3261.4219,3261.4219,-2001.6523,3261.4219,3261.4219,
1/8/2025 10:15:00 AM,01OLONG_SS,N,N,N,3465.0148,3465.0148,-2001.6523,3465.0148,3465.0148,
1/8/2025 10:15:00 AM,01OLONG_T1L1,N,N,N,3467.5195,3467.5195,-2001.6523,3467.5195,3467.5195,
1/8/2025 10:15:00 AM,01OLONG_T2L2,N,N,N,3467.5195,3467.5195,-2001.6523,3467.5195,3467.5195,
1/8/2025 10:15:00 AM,01OLONG_T3L3,N,N,N,3467.5195,3467.5195,-2001.6523,3467.5195,3467.5195,
1/8/2025 10:15:00 AM,01PAGCAP_L01,N,N,N,3068.9211,3068.9211,-2001.6523,3068.9211,3068.9211,
1/8/2025 10:15:00 AM,01PAGUD_SS,N,N,N,3068.9211,3068.9211,-2001.6523,3068.9211,3068.9211,
1/8/2025 10:15:00 AM,01PASQSOL_G01,N,N,N,3158.7310,3158.7310,-3055.2766,3158.7310,3158.7310,
1/8/2025 10:15:00 AM,01PAVGSOL_G01,N,N,N,3409.9123,3409.9123,-5373.6450,3409.9123,3409.9123,
1/8/2025 10:15:00 AM,01PETRON_G01,N,N,N,3408.4811,3408.4811,-1765.0420,3408.4811,3408.4811,
1/8/2025 10:15:00 AM,01PETSOL_G01,N,N,N,3540.1545,3540.1545,-1829.9605,3540.1545,3540.1545,
1/8/2025 10:15:00 AM,01PETSOL_G02,N,N,N,3540.1545,3540.1545,-1701.4708,3540.1545,3540.1545,
1/8/2025 10:15:00 AM,01PNTBNG_SS,N,N,N,3521.1907,3521.1907,-2001.6523,3521.1907,3521.1907,
1/8/2025 10:15:00 AM,01PNTBNG_U01,N,N,N,3521.5485,3521.5485,3646.1661,3521.5485,3521.5485,
1/8/2025 10:15:00 AM,01PNTBNG_U02,N,N,N,3521.1907,3521.1907,3209.9741,3521.1907,3521.1907,
1/8/2025 10:15:00 AM,01RASLAG_G01,N,N,N,3545.1638,3545.1638,-3110.5964,3545.1638,3545.1638,
1/8/2025 10:15:00 AM,01RASLAG_G02,N,N,N,3545.1638,3545.1638,-2180.0501,3545.1638,3545.1638,
1/8/2025 10:15:00 AM,01RASLAG_G03,N,N,N,3545.1638,3545.1638,-1266.9232,3545.1638,3545.1638,
1/8/2025 10:15:00 AM,01RASLAG_G04,N,N,N,3545.1638,3545.1638,-3227.0221,3545.1638,3545.1638,
1/8/2025 10:15:00 AM,01SABANG_G01,N,N,N,3555.1825,3555.1825,-2943.8083,3555.1825,3555.1825,
1/8/2025 10:15:00 AM,01SANMIGSOL_G01,N,N,N,3563.0542,3563.0542,-3233.5507,3563.0542,3563.0542,
1/8/2025 10:15:00 AM,01SE_ABRECO,N,N,N,3409.1967,3409.1967,-2001.6523,3409.1967,3409.1967,
1/8/2025 10:15:00 AM,01SHIZEN_G01,N,N,N,3448.1978,3448.1978,280.9864,3448.1978,3448.1978,
1/8/2025 10:15:00 AM,01SHIZEN_L01,N,N,N,3448.1978,3448.1978,-2001.6523,3448.1978,3448.1978,
1/8/2025 10:15:00 AM,01SJSOL_G01,N,N,N,3561.2652,3561.2652,-9594.9051,3561.2652,3561.2652,
1/8/2025 10:15:00 AM,01SLANGN_G01,N,N,N,3555.1825,3555.1825,-3209.0070,3555.1825,3555.1825,
1/8/2025 10:15:00 AM,01SMBELL_G01,N,N,N,3600.6241,3600.6241,-3245.7180,3600.6241,3600.6241,
1/8/2025 10:15:00 AM,01SMC_G01,N,N,N,3402.7562,3402.7562,-1084.5017,3402.7562,3402.7562,
1/8/2025 10:15:00 AM,01SMC_G02,N,N,N,3402.3984,3402.3984,-1113.5460,3402.3984,3402.3984,
1/8/2025 10:15:00 AM,01SMC_G03,N,N,N,3402.3984,3402.3984,-1089.4132,3402.3984,3402.3984,
1/8/2025 10:15:00 AM,01SMC_G04,N,N,N,3578.0822,3578.0822,-1117.8584,3578.0822,3578.0822,
1/8/2025 10:15:00 AM,01SMC_SS,N,N,N,3402.7562,3402.7562,-2001.6523,3402.7562,3402.7562,
1/8/2025 10:15:00 AM,01SMC_SS2,N,N,N,3402.3984,3402.3984,-2001.6523,3402.3984,3402.3984,
1/8/2025 10:15:00 AM,01SMC_SS3,N,N,N,3402.3984,3402.3984,-2001.6523,3402.3984,3402.3984,
1/8/2025 10:15:00 AM,01SMC_SS4,N,N,N,3578.0822,3578.0822,-2001.6523,3578.0822,3578.0822,
1/8/2025 10:15:00 AM,01SNEST_SS,N,N,N,3400.9671,3400.9671,-2001.6523,3400.9671,3400.9671,
1/8/2025 10:15:00 AM,01SNEST_T3L1,N,N,N,3414.2060,3414.2060,-2001.6523,3414.2060,3414.2060,
1/8/2025 10:15:00 AM,01SNEST_T3L2,N,N,N,3414.2060,3414.2060,-2001.6523,3414.2060,3414.2060,
1/8/2025 10:15:00 AM,01SNJOSE_L01,N,N,N,3583.8071,3583.8071,-2001.6523,3583.8071,3583.8071,
1/8/2025 10:15:00 AM,01SNJOSE_SS,N,N,N,3578.7978,3578.7978,-2001.6523,3578.7978,3578.7978,
1/8/2025 10:15:00 AM,01SNJOS_CAM,N,N,N,3583.8071,3583.8071,-2001.6523,3583.8071,3583.8071,
1/8/2025 10:15:00 AM,01SNJOS_T1L1,N,N,N,3582.3759,3582.3759,-2001.6523,3582.3759,3582.3759,
1/8/2025 10:15:00 AM,01SNJOS_T1L2,N,N,N,3609.9271,3609.9271,-2001.6523,3609.9271,3609.9271,
1/8/2025 10:15:00 AM,01SNJOS_T1L3,N,N,N,3583.8071,3583.8071,-2001.6523,3583.8071,3583.8071,
1/8/2025 10:15:00 AM,01SNMAN_BAT,N,N,N,3530.1359,3530.1359,-3733.0012,3530.1359,3530.1359,
1/8/2025 10:15:00 AM,01SNMAN_LYO,N,N,N,3530.1359,3530.1359,-2001.6523,3530.1359,3530.1359,
1/8/2025 10:15:00 AM,01SNMAN_SS,N,N,N,3528.3468,3528.3468,-2001.6523,3528.3468,3528.3468,
1/8/2025 10:15:00 AM,01SNMAN_T1L2,N,N,N,3530.1359,3530.1359,-2001.6523,3530.1359,3530.1359,
1/8/2025 10:15:00 AM,01SNMARSOL_G01,N,N,N,3442.4729,3442.4729,-3127.4522,3442.4729,3442.4729,
1/8/2025 10:15:00 AM,01SNMAR_SS,N,N,N,3442.4729,3442.4729,-2001.6523,3442.4729,3442.4729,
1/8/2025 10:15:00 AM,01SNM_PNELC3,N,N,N,3528.3468,3528.3468,-2001.6523,3528.3468,3528.3468,
1/8/2025 10:15:00 AM,01SNTGO_SS,N,N,N,3623.5238,3623.5238,-2001.6523,3623.5238,3623.5238,
1/8/2025 10:15:00 AM,01SNTGO_T1L1,N,N,N,3623.5238,3623.5238,-2001.6523,3623.5238,3623.5238,
1/8/2025 10:15:00 AM,01SNTGO_T1L2,N,N,N,3623.5238,3623.5238,-2001.6523,3623.5238,3623.5238,
1/8/2025 10:15:00 AM,01SNTGO_T1L3,N,N,N,3623.5238,3623.5238,-2001.6523,3623.5238,3623.5238,
1/8/2025 10:15:00 AM,01SNTGO_T2L1,N,N,N,3623.5238,3623.5238,-2001.6523,3623.5238,3623.5238,
1/8/2025 10:15:00 AM,01SNTGO_T2L2,N,N,N,3623.5238,3623.5238,-2001.6523,3623.5238,3623.5238,
1/8/2025 10:15:00 AM,01SPABUL_G01,N,N,N,3563.0542,3563.0542,-3637.3862,3563.0542,3563.0542,
1/8/2025 10:15:00 AM,01SROQUE_SS,N,N,N,3525.4844,3525.4844,-2001.6523,3525.4844,3525.4844,
1/8/2025 10:15:00 AM,01SROQUE_U01,N,N,N,3525.4844,3525.4844,2750.4986,3525.4844,3525.4844,
1/8/2025 10:15:00 AM,01SROQUE_U02,N,N,N,3524.4110,3524.4110,3636.8741,3524.4110,3524.4110,
1/8/2025 10:15:00 AM,01SROQUE_U03,N,N,N,3525.4844,3525.4844,-9248.4492,3525.4844,3525.4844,
1/8/2025 10:15:00 AM,01SUAL_G01,N,N,N,3500.08,3500.08,-4963.6605,3500.08,3500.08,
1/8/2025 10:15:00 AM,01SUAL_G02,N,N,N,3578.0822,3578.0822,3589.8969,3578.0822,3578.0822,
1/8/2025 10:15:00 AM,01SUAL_T3L1,N,N,N,3507.9518,3507.9518,-2001.6523,3507.9518,3507.9518,
1/8/2025 10:15:00 AM,01SUBIC_T3L1,N,N,N,3459.2899,3459.2899,-2001.6523,3459.2899,3459.2899,
1/8/2025 10:15:00 AM,01SUBIC_T3L2,N,N,N,3459.2899,3459.2899,-2001.6523,3459.2899,3459.2899,
1/8/2025 10:15:00 AM,01SUBSOL_G01,N,N,N,3459.2899,3459.2899,-2836.6088,3459.2899,3459.2899,
1/8/2025 10:15:00 AM,01SUPSOL_G01,N,N,N,3456.4274,3456.4274,-2849.4966,3456.4274,3456.4274,
1/8/2025 10:15:00 AM,01S_ENRO_G01,N,N,N,3459.2899,3459.2899,-3195.6109,3459.2899,3459.2899,
1/8/2025 10:15:00 AM,01S_ENRO_SS,N,N,N,3459.2899,3459.2899,-2001.6523,3459.2899,3459.2899,
1/8/2025 10:15:00 AM,01TERASU_G01,N,N,N,3540.1545,3540.1545,-1504.1386,3540.1545,3540.1545,
1/8/2025 10:15:00 AM,01TGEGA_SS,N,N,N,3690.7918,3690.7918,-2001.6523,3690.7918,3690.7918,
1/8/2025 10:15:00 AM,01TGEGA_T1L1,N,N,N,3693.2964,3693.2964,-2001.6523,3693.2964,3693.2964,
1/8/2025 10:15:00 AM,01TG_CGELCO1,N,N,N,3693.2964,3693.2964,-2001.6523,3693.2964,3693.2964,
1/8/2025 10:15:00 AM,01TG_CGELCO2,N,N,N,3693.2964,3693.2964,-2001.6523,3693.2964,3693.2964,
1/8/2025 10:15:00 AM,01TG_ISELCO2,N,N,N,3693.2964,3693.2964,-2001.6523,3693.2964,3693.2964,
1/8/2025 10:15:00 AM,01TPCBUNK_G01,N,N,N,3540.1545,3540.1545,3227.3416,3540.1545,3540.1545,
1/8/2025 10:15:00 AM,01TRASU_L01,N,N,N,3540.1545,3540.1545,-2001.6523,3540.1545,3540.1545,
1/8/2025 10:15:00 AM,01TRUSTBIO_G01,N,N,N,3545.1638,3545.1638,-3227.0221,3545.1638,3545.1638,
1/8/2025 10:15:00 AM,01TRUSTSOL_G01,N,N,N,3545.1638,3545.1638,15.8847,3545.1638,3545.1638,
1/8/2025 10:15:00 AM,01T_ASIA_G01,N,N,N,3583.4493,3583.4493,-3240.4896,3583.4493,3583.4493,
1/8/2025 10:15:00 AM,01T_ASI_T3L1,N,N,N,3583.4493,3583.4493,-2001.6523,3583.4493,3583.4493,
1/8/2025 10:15:00 AM,01UPPC_G01,N,N,N,3545.1638,3545.1638,-3227.0221,3545.1638,3545.1638,
1/8/2025 10:15:00 AM,01VSGRIP_G01,N,N,N,3561.2652,3561.2652,-2650.5361,3561.2652,3561.2652,
1/8/2025 10:15:00 AM,01YHGRN_G01,N,N,N,3469.6663,3469.6663,-2137.6529,3469.6663,3469.6663,
1/8/2025 10:15:00 AM,01ZAMSOL_G01,N,N,N,3448.1978,3448.1978,-3855.5642,3448.1978,3448.1978,
1/8/2025 10:15:00 AM,02ARANE_T1L1,N,N,N,3638.5518,3638.5518,-2001.6523,3638.5518,3638.5518,
1/8/2025 10:15:00 AM,02BALNT_T1L1,N,N,N,3615.6521,3615.6521,-2001.6523,3615.6521,3615.6521,
1/8/2025 10:15:00 AM,02DOLOR_T1L1,N,N,N,3616.3677,3616.3677,-2001.6523,3616.3677,3616.3677,
1/8/2025 10:15:00 AM,02ECOPRK_G01,N,N,N,3615.6521,3615.6521,-3733.4999,3615.6521,3615.6521,
1/8/2025 10:15:00 AM,02ECOTAGA_G01,N,N,N,3615.6521,3615.6521,-2893.4134,3615.6521,3615.6521,
1/8/2025 10:15:00 AM,02MMPP_G01,N,N,N,3615.6521,3615.6521,-3251.1514,3615.6521,3615.6521,
1/8/2025 10:15:00 AM,02PACO_T1L1,N,N,N,3646.7814,3646.7814,-2001.6523,3646.7814,3646.7814,
1/8/2025 10:15:00 AM,02PNGEA_G01,N,N,N,3615.6521,3615.6521,-3251.1514,3615.6521,3615.6521,
1/8/2025 10:15:00 AM,02PNGYSOL_G01,N,N,N,3616.3677,3616.3677,-1138.8893,3616.3677,3616.3677,
1/8/2025 10:15:00 AM,02SMNRTH_G01,N,N,N,3615.6521,3615.6521,-3251.1514,3615.6521,3615.6521,
1/8/2025 10:15:00 AM,02SUCAT_T1L1,N,N,N,3632.1112,3632.1112,-2001.6523,3632.1112,3632.1112,
1/8/2025 10:15:00 AM,02TMOBIL_G01,N,N,N,3615.6521,3615.6521,-3251.1514,3615.6521,3615.6521,
1/8/2025 10:15:00 AM,02TMOBIL_G02,N,N,N,3615.6521,3615.6521,-3251.1514,3615.6521,3615.6521,
1/8/2025 10:15:00 AM,02TMOBIL_G03,N,N,N,3615.6521,3615.6521,-3251.1514,3615.6521,3615.6521,
1/8/2025 10:15:00 AM,02TMOBIL_G04,N,N,N,3615.6521,3615.6521,-3251.1514,3615.6521,3615.6521,
1/8/2025 10:15:00 AM,02VALSOL_G01,N,N,N,3615.6521,3615.6521,-2256.4032,3615.6521,3615.6521,
1/8/2025 10:15:00 AM,02ZAPOT_SS,N,N,N,3626.0285,3626.0285,-2001.6523,3626.0285,3626.0285,
1/8/2025 10:15:00 AM,02ZAPOT_T1L1,N,N,N,3630.68,3630.68,-2001.6523,3630.68,3630.68,
1/8/2025 10:15:00 AM,03ADISOL_G01,N,N,N,3558.7605,3558.7605,-9936.8314,3558.7605,3558.7605,
1/8/2025 10:15:00 AM,03ALMNOS_BAT1,N,N,N,3577.7244,3577.7244,-3256.3392,3577.7244,3577.7244,
1/8/2025 10:15:00 AM,03ALMNOS_BAT2,N,N,N,3577.7244,3577.7244,-3571.6707,3577.7244,3577.7244,
1/8/2025 10:15:00 AM,03AMADEO_T1L1,N,N,N,3599.9085,3599.9085,-2001.6523,3599.9085,3599.9085,
1/8/2025 10:15:00 AM,03AVION_SS,N,N,N,3534.7874,3534.7874,-2001.6523,3534.7874,3534.7874,
1/8/2025 10:15:00 AM,03AVION_U01,N,N,N,3534.4296,3534.4296,874.0037,3534.4296,3534.4296,
1/8/2025 10:15:00 AM,03AVION_U02,N,N,N,3534.4296,3534.4296,846.4884,3534.4296,3534.4296,
1/8/2025 10:15:00 AM,03AWOC_G01,N,N,N,3616.3677,3616.3677,-1993.5478,3616.3677,3616.3677,
1/8/2025 10:15:00 AM,03BACMAN_BATL,N,N,N,3434.6011,3434.6011,-2001.6523,3434.6011,3434.6011,
1/8/2025 10:15:00 AM,03BACMAN_SS,N,N,N,3434.9589,3434.9589,-2001.6523,3434.9589,3434.9589,
1/8/2025 10:15:00 AM,03BACMAN_U01,N,N,N,3421.3622,3421.3622,-2127.0673,3421.3622,3421.3622,
1/8/2025 10:15:00 AM,03BACMAN_U02,N,N,N,3420.2888,3420.2888,-2534.1785,3420.2888,3420.2888,
1/8/2025 10:15:00 AM,03BACMAN_U03,N,N,N,3433.8855,3433.8855,-2690.6817,3433.8855,3433.8855,
1/8/2025 10:15:00 AM,03BALUG_G01,N,N,N,3559.4762,3559.4762,-2112.7549,3559.4762,3559.4762,
1/8/2025 10:15:00 AM,03BART_G01,N,N,N,3519.4016,3519.4016,-3257.2636,3519.4016,3519.4016,
1/8/2025 10:15:00 AM,03BATAN_SS,N,N,N,3546.9529,3546.9529,-2001.6523,3546.9529,3546.9529,
1/8/2025 10:15:00 AM,03BATAN_T1L2,N,N,N,3549.8153,3549.8153,-2001.6523,3549.8153,3549.8153,
1/8/2025 10:15:00 AM,03BATAN_T2L2,N,N,N,3548.0263,3548.0263,-2001.6523,3548.0263,3548.0263,
1/8/2025 10:15:00 AM,03BAT_BTLEC2,N,N,N,3554.1090,3554.1090,-2001.6523,3554.1090,3554.1090,
1/8/2025 10:15:00 AM,03BAT_LIP01,N,N,N,3548.0263,3548.0263,-2001.6523,3548.0263,3548.0263,
1/8/2025 10:15:00 AM,03BAT_LIP02,N,N,N,3548.0263,3548.0263,-2001.6523,3548.0263,3548.0263,
1/8/2025 10:15:00 AM,03BAT_MECO,N,N,N,3548.0263,3548.0263,-2001.6523,3548.0263,3548.0263,
1/8/2025 10:15:00 AM,03BAT_MECO1,N,N,N,3554.1090,3554.1090,-2001.6523,3554.1090,3554.1090,
1/8/2025 10:15:00 AM,03BAT_MECO2,N,N,N,3554.1090,3554.1090,-2001.6523,3554.1090,3554.1090,
1/8/2025 10:15:00 AM,03BAT_ROS01,N,N,N,3554.1090,3554.1090,-2001.6523,3554.1090,3554.1090,
1/8/2025 10:15:00 AM,03BAT_T1L1,N,N,N,3549.8153,3549.8153,-2001.6523,3549.8153,3549.8153,
1/8/2025 10:15:00 AM,03BAT_T2L1,N,N,N,3548.0263,3548.0263,-2001.6523,3548.0263,3548.0263,
1/8/2025 10:15:00 AM,03BBEC_G01,N,N,N,3519.4016,3519.4016,-3273.5885,3519.4016,3519.4016,
1/8/2025 10:15:00 AM,03BINAN_SS,N,N,N,3611.0005,3611.0005,-2001.6523,3611.0005,3611.0005,
1/8/2025 10:15:00 AM,03BINAN_T1L1,N,N,N,3613.8630,3613.8630,-2001.6523,3613.8630,3613.8630,
1/8/2025 10:15:00 AM,03BOTOCA_G01,N,N,N,3559.4762,3559.4762,-2712.5656,3559.4762,3559.4762,
1/8/2025 10:15:00 AM,03BOTOCA_L01,N,N,N,3559.4762,3559.4762,-2001.6523,3559.4762,3559.4762,
1/8/2025 10:15:00 AM,03BOTOCA_SS,N,N,N,3559.4762,3559.4762,-2001.6523,3559.4762,3559.4762,
1/8/2025 10:15:00 AM,03CADPI_G01,N,N,N,3558.7605,3558.7605,-3174.2418,3558.7605,3558.7605,
1/8/2025 10:15:00 AM,03CALACA_G01,N,N,N,3578.0822,3578.0822,-3280.7771,3578.0822,3578.0822,
1/8/2025 10:15:00 AM,03CALACA_G02,N,N,N,3578.0822,3578.0822,-1700.1264,3578.0822,3578.0822,
1/8/2025 10:15:00 AM,03CALAMBA_L01,N,N,N,3602.4132,3602.4132,-2001.6523,3602.4132,3602.4132,
1/8/2025 10:15:00 AM,03CALAMBA_SS,N,N,N,3598.8351,3598.8351,-2001.6523,3598.8351,3598.8351,
1/8/2025 10:15:00 AM,03CALAU_SS,N,N,N,3593.4679,3593.4679,-2001.6523,3593.4679,3593.4679,
1/8/2025 10:15:00 AM,03CALAU_T1L1,N,N,N,3594.5414,3594.5414,-2001.6523,3594.5414,3594.5414,
1/8/2025 10:15:00 AM,03CALIRY_G01,N,N,N,3559.1184,3559.1184,3252.6877,3559.1184,3559.1184,
1/8/2025 10:15:00 AM,03CALIRY_SS,N,N,N,3559.1184,3559.1184,-2001.6523,3559.1184,3559.1184,
1/8/2025 10:15:00 AM,03CALIRY_SS1,N,N,N,3559.4762,3559.4762,-2001.6523,3559.4762,3559.4762,
1/8/2025 10:15:00 AM,03CALIR_TAL1,N,N,N,3560.9074,3560.9074,-2001.6523,3560.9074,3560.9074,
1/8/2025 10:15:00 AM,03CALI_FLECO,N,N,N,3560.9074,3560.9074,-2001.6523,3560.9074,3560.9074,
1/8/2025 10:15:00 AM,03CALSOL_G01,N,N,N,3558.7605,3558.7605,-4902.86,3558.7605,3558.7605,
1/8/2025 10:15:00 AM,03CLABSOL_G01,N,N,N,3519.4016,3519.4016,-3257.4049,3519.4016,3519.4016,
1/8/2025 10:15:00 AM,03CLACA_SS,N,N,N,3603.8444,3603.8444,-2001.6523,3603.8444,3603.8444,
1/8/2025 10:15:00 AM,03CLA_BCNOT,N,N,N,3550.5310,3550.5310,-2001.6523,3550.5310,3550.5310,
1/8/2025 10:15:00 AM,03CLA_BTLEC1,N,N,N,3558.7605,3558.7605,-2001.6523,3558.7605,3558.7605,
1/8/2025 10:15:00 AM,03CLA_STLCOR,N,N,N,3558.7605,3558.7605,-2001.6523,3558.7605,3558.7605,
1/8/2025 10:15:00 AM,03CLA_T1L1,N,N,N,3558.7605,3558.7605,-2001.6523,3558.7605,3558.7605,
1/8/2025 10:15:00 AM,03CLBATO_G01,N,N,N,3594.5414,3594.5414,-1742.8272,3594.5414,3594.5414,
1/8/2025 10:15:00 AM,03COLASI_G01,N,N,N,3568.0636,3568.0636,-3274.8104,3568.0636,3568.0636,
1/8/2025 10:15:00 AM,03DARAG_SS,N,N,N,3471.4553,3471.4553,-2001.6523,3471.4553,3471.4553,
1/8/2025 10:15:00 AM,03DARAG_T1L1,N,N,N,3578.0822,3578.0822,-2001.6523,3578.0822,3578.0822,
1/8/2025 10:15:00 AM,03DAR_ALECO,N,N,N,3476.4647,3476.4647,-2001.6523,3476.4647,3476.4647,
1/8/2025 10:15:00 AM,03DAR_SRECO2,N,N,N,3578.0822,3578.0822,-2001.6523,3578.0822,3578.0822,
1/8/2025 10:15:00 AM,03DAR_STDOM,N,N,N,3476.4647,3476.4647,-2001.6523,3476.4647,3476.4647,
1/8/2025 10:15:00 AM,03DASMA_L01,N,N,N,3602.0553,3602.0553,-2001.6523,3602.0553,3602.0553,
1/8/2025 10:15:00 AM,03DASMA_SS,N,N,N,3593.4679,3593.4679,-2001.6523,3593.4679,3593.4679,
1/8/2025 10:15:00 AM,03EERI_G01,N,N,N,3522.6219,3522.6219,-712.0432,3522.6219,3522.6219,
1/8/2025 10:15:00 AM,03EERI_G02,N,N,N,3529.0625,3529.0625,-6332.8509,3529.0625,3529.0625,
1/8/2025 10:15:00 AM,03EERI_G03,N,N,N,3529.0625,3529.0625,-3213.6555,3529.0625,3529.0625,
1/8/2025 10:15:00 AM,03EERI_L01,N,N,N,3522.6219,3522.6219,-2001.6523,3522.6219,3522.6219,
1/8/2025 10:15:00 AM,03EERI_SS,N,N,N,3529.0625,3529.0625,-2001.6523,3529.0625,3529.0625,
1/8/2025 10:15:00 AM,03GUMAC_SS,N,N,N,3578.44,3578.44,-2001.6523,3578.44,3578.44,
1/8/2025 10:15:00 AM,03GUMAC_T1L1,N,N,N,3580.2290,3580.2290,-2001.6523,3580.2290,3580.2290,
1/8/2025 10:15:00 AM,03GUMAC_T1L2,N,N,N,3580.2290,3580.2290,-2001.6523,3580.2290,3580.2290,
1/8/2025 10:15:00 AM,03GUMAC_T1L3,N,N,N,3580.2290,3580.2290,-2001.6523,3580.2290,3580.2290,
1/8/2025 10:15:00 AM,03GUMAC_T1L4,N,N,N,3580.2290,3580.2290,-2001.6523,3580.2290,3580.2290,
1/8/2025 10:15:00 AM,03ILI500_SS,N,N,N,3529.4203,3529.4203,-2001.6523,3529.4203,3529.4203,
1/8/2025 10:15:00 AM,03ILIJAN_G01,N,N,N,3529.0625,3529.0625,-1933.8419,3529.0625,3529.0625,
1/8/2025 10:15:00 AM,03ILIJAN_G02,N,N,N,3529.0625,3529.0625,-1540.8846,3529.0625,3529.0625,
1/8/2025 10:15:00 AM,03ILIJAN_SS,N,N,N,3529.0625,3529.0625,-2001.6523,3529.0625,3529.0625,
1/8/2025 10:15:00 AM,03ILIJAN_SS2,N,N,N,3529.0625,3529.0625,-2001.6523,3529.0625,3529.0625,
1/8/2025 10:15:00 AM,03INARI_G01,N,N,N,3519.4016,3519.4016,-1797.1168,3519.4016,3519.4016,
1/8/2025 10:15:00 AM,03INGRID_GS1,N,N,N,3592.3945,3592.3945,3725.3336,3592.3945,3592.3945,
1/8/2025 10:15:00 AM,03INGRID_GS2,N,N,N,3592.3945,3592.3945,3725.3336,3592.3945,3592.3945,
1/8/2025 10:15:00 AM,03INGRID_GS3,N,N,N,3592.3945,3592.3945,-3270.6413,3592.3945,3592.3945,
1/8/2025 10:15:00 AM,03INGRID_GS4,N,N,N,3592.3945,3592.3945,3725.3336,3592.3945,3592.3945,
1/8/2025 10:15:00 AM,03INGRID_GS5,N,N,N,3592.3945,3592.3945,-3270.6413,3592.3945,3592.3945,
1/8/2025 10:15:00 AM,03INGRID_GS6,N,N,N,3592.3945,3592.3945,3725.3336,3592.3945,3592.3945,
1/8/2025 10:15:00 AM,03KAL_E_T1L1,N,N,N,3577.3666,3577.3666,-2001.6523,3577.3666,3577.3666,
1/8/2025 10:15:00 AM,03KAL_G01,N,N,N,3575.2197,3575.2197,3333.8665,3575.2197,3575.2197,
1/8/2025 10:15:00 AM,03KAL_G02,N,N,N,3576.6510,3576.6510,2802.3427,3576.6510,3576.6510,
1/8/2025 10:15:00 AM,03KAL_G03,N,N,N,3575.5775,3575.5775,3262.3451,3575.5775,3575.5775,
1/8/2025 10:15:00 AM,03KAL_G04,N,N,N,3575.9353,3575.9353,3713.0682,3575.9353,3575.9353,
1/8/2025 10:15:00 AM,03KAL_SS,N,N,N,3576.6510,3576.6510,-2001.6523,3576.6510,3576.6510,
1/8/2025 10:15:00 AM,03LABO_SS,N,N,N,3560.5496,3560.5496,-2001.6523,3560.5496,3560.5496,
1/8/2025 10:15:00 AM,03LABO_T1L1,N,N,N,3568.0636,3568.0636,-2001.6523,3568.0636,3568.0636,
1/8/2025 10:15:00 AM,03LABO_T1L2,N,N,N,3568.0636,3568.0636,-2001.6523,3568.0636,3568.0636,
1/8/2025 10:15:00 AM,03LMHP_G01,N,N,N,3451.4181,3451.4181,-3197.7102,3451.4181,3451.4181,
1/8/2025 10:15:00 AM,03LUMBAN_BAT,N,N,N,3577.3666,3577.3666,2817.2610,3577.3666,3577.3666,
1/8/2025 10:15:00 AM,03LUMBAN_BATL,N,N,N,3577.3666,3577.3666,-2001.6523,3577.3666,3577.3666,
1/8/2025 10:15:00 AM,03LUMBAN_SS,N,N,N,3577.7244,3577.7244,-2001.6523,3577.7244,3577.7244,
1/8/2025 10:15:00 AM,03LWERLAB_G01,N,N,N,3569.1370,3569.1370,-1627.7102,3569.1370,3569.1370,
1/8/2025 10:15:00 AM,03MAJAY_G01,N,N,N,3559.4762,3559.4762,-2649.5710,3559.4762,3559.4762,
1/8/2025 10:15:00 AM,03MAKBA_T3L1,N,N,N,3578.0822,3578.0822,-2001.6523,3578.0822,3578.0822,
1/8/2025 10:15:00 AM,03MAKBA_T3L2,N,N,N,3578.0822,3578.0822,-2001.6523,3578.0822,3578.0822,
1/8/2025 10:15:00 AM,03MALAYA_G01,N,N,N,3592.7523,3592.7523,-3271.0599,3592.7523,3592.7523,
1/8/2025 10:15:00 AM,03MALAYA_G02,N,N,N,3578.0822,3578.0822,-3256.2463,3578.0822,3578.0822,
1/8/2025 10:15:00 AM,03MARAGSOL_G01,N,N,N,3602.0553,3602.0553,-1947.0488,3602.0553,3602.0553,
1/8/2025 10:15:00 AM,03MEC_G01,N,N,N,3602.0553,3602.0553,3605.2124,3602.0553,3602.0553,
1/8/2025 10:15:00 AM,03MGI_G02,N,N,N,3594.5414,3594.5414,-3291.6117,3594.5414,3594.5414,
1/8/2025 10:15:00 AM,03MGPP_G01,N,N,N,3594.5414,3594.5414,-3295.6067,3594.5414,3594.5414,
1/8/2025 10:15:00 AM,03MKBNA_SS,N,N,N,3578.0822,3578.0822,-2001.6523,3578.0822,3578.0822,
1/8/2025 10:15:00 AM,03MKBNB_SS,N,N,N,3577.3666,3577.3666,-2001.6523,3577.3666,3577.3666,
1/8/2025 10:15:00 AM,03MKBNC_SS,N,N,N,3578.0822,3578.0822,-2001.6523,3578.0822,3578.0822,
1/8/2025 10:15:00 AM,03MKBND_SS,N,N,N,3577.0088,3577.0088,-2001.6523,3577.0088,3577.0088,
1/8/2025 10:15:00 AM,03MKBNE_SS,N,N,N,3577.7244,3577.7244,-2001.6523,3577.7244,3577.7244,
1/8/2025 10:15:00 AM,03MKBN_A,N,N,N,3560.1918,3560.1918,-2514.8984,3560.1918,3560.1918,
1/8/2025 10:15:00 AM,03MKBN_B,N,N,N,3575.9353,3575.9353,-2160.1008,3575.9353,3575.9353,
1/8/2025 10:15:00 AM,03MKBN_C,N,N,N,3578.0822,3578.0822,-3256.2463,3578.0822,3578.0822,
1/8/2025 10:15:00 AM,03MKBN_D,N,N,N,3576.2932,3576.2932,-2365.1704,3576.2932,3576.2932,
1/8/2025 10:15:00 AM,03MKBN_E,N,N,N,3577.7244,3577.7244,-3226.8304,3577.7244,3577.7244,
1/8/2025 10:15:00 AM,03MKBN_SLACE,N,N,N,3577.7244,3577.7244,-2001.6523,3577.7244,3577.7244,
1/8/2025 10:15:00 AM,03MLAYA_L01,N,N,N,3592.7523,3592.7523,-2001.6523,3592.7523,3592.7523,
1/8/2025 10:15:00 AM,03MLAYA_SS,N,N,N,3592.7523,3592.7523,-2001.6523,3592.7523,3592.7523,
1/8/2025 10:15:00 AM,03MLAYA_SS1,N,N,N,3592.7523,3592.7523,-2001.6523,3592.7523,3592.7523,
1/8/2025 10:15:00 AM,03MLAYA_T2L1,N,N,N,3592.7523,3592.7523,-2001.6523,3592.7523,3592.7523,
1/8/2025 10:15:00 AM,03MLAYA_T2L2,N,N,N,3578.0822,3578.0822,-2001.6523,3578.0822,3578.0822,
1/8/2025 10:15:00 AM,03NAG_CSRC2B,N,N,N,3519.4016,3519.4016,-2001.6523,3519.4016,3519.4016,
1/8/2025 10:15:00 AM,03NAG_CSRCO1,N,N,N,3519.4016,3519.4016,-2001.6523,3519.4016,3519.4016,
1/8/2025 10:15:00 AM,03NAG_CSRCO2,N,N,N,3519.4016,3519.4016,-2001.6523,3519.4016,3519.4016,
1/8/2025 10:15:00 AM,03NAG_CSRCO3,N,N,N,3519.4016,3519.4016,-2001.6523,3519.4016,3519.4016,
1/8/2025 10:15:00 AM,03NAG_CSRCO4,N,N,N,3519.4016,3519.4016,-2001.6523,3519.4016,3519.4016,
1/8/2025 10:15:00 AM,03NAG_SS,N,N,N,3519.4016,3519.4016,-2001.6523,3519.4016,3519.4016,
1/8/2025 10:15:00 AM,03NAICSOL_G01,N,N,N,3578.0822,3578.0822,-3256.2463,3578.0822,3578.0822,
1/8/2025 10:15:00 AM,03ORMAT_G01,N,N,N,3577.7244,3577.7244,-3426.4063,3577.7244,3577.7244,
1/8/2025 10:15:00 AM,03ORMAT_SS,N,N,N,3577.7244,3577.7244,-2001.6523,3577.7244,3577.7244,
1/8/2025 10:15:00 AM,03PAGBIL_G01,N,N,N,3513.3189,3513.3189,-2853.6446,3513.3189,3513.3189,
1/8/2025 10:15:00 AM,03PAGBIL_G02,N,N,N,3512.6033,3512.6033,-5499.4639,3512.6033,3512.6033,
1/8/2025 10:15:00 AM,03PAGBIL_G03,N,N,N,3578.0822,3578.0822,-423.6479,3578.0822,3578.0822,
1/8/2025 10:15:00 AM,03PAGEHV_SS,N,N,N,3526.5578,3526.5578,-2001.6523,3526.5578,3526.5578,
1/8/2025 10:15:00 AM,03PALAK_G01,N,N,N,3594.5414,3594.5414,-3310.0144,3594.5414,3594.5414,
1/8/2025 10:15:00 AM,03PALAYAN_G01,N,N,N,3429.9496,3429.9496,-5315.2688,3429.9496,3429.9496,
1/8/2025 10:15:00 AM,03PGBIL_SS,N,N,N,3513.3189,3513.3189,-2001.6523,3513.3189,3513.3189,
1/8/2025 10:15:00 AM,03PGBIL_SS1,N,N,N,3513.3189,3513.3189,-2001.6523,3513.3189,3513.3189,
1/8/2025 10:15:00 AM,03PGBIL_SS2,N,N,N,3513.3189,3513.3189,-2001.6523,3513.3189,3513.3189,
1/8/2025 10:15:00 AM,03QPPL_G01,N,N,N,3578.0822,3578.0822,-3196.9267,3578.0822,3578.0822,
1/8/2025 10:15:00 AM,03QPPL_SU1,N,N,N,3451.4181,3451.4181,-2001.6523,3451.4181,3451.4181,
1/8/2025 10:15:00 AM,03QPPL_T5L1,N,N,N,3451.4181,3451.4181,-2001.6523,3451.4181,3451.4181,
1/8/2025 10:15:00 AM,03RCBMI_G01,N,N,N,3548.0263,3548.0263,-3248.8834,3548.0263,3548.0263,
1/8/2025 10:15:00 AM,03RCBMI_G02,N,N,N,3548.0263,3548.0263,-3248.8834,3548.0263,3548.0263,
1/8/2025 10:15:00 AM,03SBPL_G01,N,N,N,3451.4181,3451.4181,-2226.2051,3451.4181,3451.4181,
1/8/2025 10:15:00 AM,03SBPL_L01,N,N,N,3451.4181,3451.4181,-2001.6523,3451.4181,3451.4181,
1/8/2025 10:15:00 AM,03SLPGC_G01,N,N,N,3539.4389,3539.4389,-3250.7094,3539.4389,3539.4389,
1/8/2025 10:15:00 AM,03SLPGC_G02,N,N,N,3578.0822,3578.0822,-3256.2463,3578.0822,3578.0822,
1/8/2025 10:15:00 AM,03SLPGC_SS,N,N,N,3556.9715,3556.9715,-2001.6523,3556.9715,3556.9715,
1/8/2025 10:15:00 AM,03SLTEC_G01,N,N,N,3549.0997,3549.0997,-3044.4756,3549.0997,3549.0997,
1/8/2025 10:15:00 AM,03SLTEC_G02,N,N,N,3578.0822,3578.0822,-924.2312,3578.0822,3578.0822,
1/8/2025 10:15:00 AM,03SLTEC_SS,N,N,N,3550.5310,3550.5310,-2001.6523,3550.5310,3550.5310,
1/8/2025 10:15:00 AM,03SNGAB_G01,N,N,N,3578.0822,3578.0822,-3256.2463,3578.0822,3578.0822,
1/8/2025 10:15:00 AM,03SNGAB_S01,N,N,N,3535.1452,3535.1452,-2001.6523,3535.1452,3535.1452,
1/8/2025 10:15:00 AM,03SOLACE_G01,N,N,N,3577.7244,3577.7244,-2749.6014,3577.7244,3577.7244,
1/8/2025 10:15:00 AM,03STA-RI_G01,N,N,N,3518.3282,3518.3282,-3144.7419,3518.3282,3518.3282,
1/8/2025 10:15:00 AM,03STA-RI_G02,N,N,N,3534.0718,3534.0718,-3145.4266,3534.0718,3534.0718,
1/8/2025 10:15:00 AM,03STA-RI_G03,N,N,N,3534.4296,3534.4296,-3144.3966,3534.4296,3534.4296,
1/8/2025 10:15:00 AM,03STA-RI_G04,N,N,N,3534.4296,3534.4296,-3144.3966,3534.4296,3534.4296,
1/8/2025 10:15:00 AM,03STA-RI_G05,N,N,N,3534.4296,3534.4296,-3262.6173,3534.4296,3534.4296,
1/8/2025 10:15:00 AM,03STA-RI_G06,N,N,N,3534.4296,3534.4296,-3245.0667,3534.4296,3534.4296,
1/8/2025 10:15:00 AM,03STAR_SS1,N,N,N,3518.3282,3518.3282,-2001.6523,3518.3282,3518.3282,
1/8/2025 10:15:00 AM,03STAR_SS2,N,N,N,3534.0718,3534.0718,-2001.6523,3534.0718,3534.0718,
1/8/2025 10:15:00 AM,03STAR_SS3,N,N,N,3534.4296,3534.4296,-2001.6523,3534.4296,3534.4296,
1/8/2025 10:15:00 AM,03STAR_SS4,N,N,N,3534.4296,3534.4296,-2001.6523,3534.4296,3534.4296,
1/8/2025 10:15:00 AM,03STAR_SS5,N,N,N,3534.4296,3534.4296,-2001.6523,3534.4296,3534.4296,
1/8/2025 10:15:00 AM,03STAR_SS6,N,N,N,3534.4296,3534.4296,-2001.6523,3534.4296,3534.4296,
1/8/2025 10:15:00 AM,03STROS_T1L1,N,N,N,3619.2301,3619.2301,-2001.6523,3619.2301,3619.2301,
1/8/2025 10:15:00 AM,03TANSOL_G01,N,N,N,3602.4132,3602.4132,674.2247,3602.4132,3602.4132,
1/8/2025 10:15:00 AM,03TAYAB_SS,N,N,N,3530.1359,3530.1359,-2001.6523,3530.1359,3530.1359,
1/8/2025 10:15:00 AM,03TAYAB_T1L1,N,N,N,3530.4937,3530.4937,-2001.6523,3530.4937,3530.4937,
1/8/2025 10:15:00 AM,03TAYAB_T1L2,N,N,N,3530.4937,3530.4937,-2001.6523,3530.4937,3530.4937,
1/8/2025 10:15:00 AM,03TGPP_G01,N,N,N,3502.2268,3502.2268,-9694.7717,3502.2268,3502.2268,
1/8/2025 10:15:00 AM,03TGPP_L01,N,N,N,3502.2268,3502.2268,-2001.6523,3502.2268,3502.2268,
1/8/2025 10:15:00 AM,03TIBAG_G01,N,N,N,3488.6301,3488.6301,-2207.0182,3488.6301,3488.6301,
1/8/2025 10:15:00 AM,03TIWIA_SS,N,N,N,3502.2268,3502.2268,-2001.6523,3502.2268,3502.2268,
1/8/2025 10:15:00 AM,03TIWIC_L01,N,N,N,3578.0822,3578.0822,-2001.6523,3578.0822,3578.0822,
1/8/2025 10:15:00 AM,03TIWIC_SS,N,N,N,3502.2268,3502.2268,-2001.6523,3502.2268,3502.2268,
1/8/2025 10:15:00 AM,03TIWI_A,N,N,N,3501.8690,3501.8690,-3276.0695,3501.8690,3501.8690,
1/8/2025 10:15:00 AM,03TIWI_C,N,N,N,3501.8690,3501.8690,-3159.4085,3501.8690,3501.8690,
1/8/2025 10:15:00 AM,03UPLAB_G01,N,N,N,3577.3666,3577.3666,-3263.9947,3577.3666,3577.3666,
1/8/2025 10:15:00 AM,04BABAT_SS,N,N,N,3684.7090,3684.7090,-2001.6523,3684.7090,3684.7090,
1/8/2025 10:15:00 AM,04BABAT_T1L1,N,N,N,3684.7090,3684.7090,-2001.6523,3684.7090,3684.7090,
1/8/2025 10:15:00 AM,04BAGLI_T1L1,N,N,N,3687.9293,3687.9293,-2001.6523,3687.9293,3687.9293,
1/8/2025 10:15:00 AM,04BAGLI_T1L2,N,N,N,3687.9293,3687.9293,-2001.6523,3687.9293,3687.9293,
1/8/2025 10:15:00 AM,04BILGPP_G01,N,N,N,3556.2559,3556.2559,-2823.7828,3556.2559,3556.2559,
1/8/2025 10:15:00 AM,04CLBYBNK_G01,N,N,N,3765.9315,3765.9315,2760.0763,3765.9315,3765.9315,
1/8/2025 10:15:00 AM,04CLBYOG_L02,N,N,N,3765.9315,3765.9315,-2001.6523,3765.9315,3765.9315,
1/8/2025 10:15:00 AM,04CLBYOG_SS,N,N,N,3766.6471,3766.6471,-2001.6523,3766.6471,3766.6471,
1/8/2025 10:15:00 AM,04IASMOD_G01,N,N,N,3577.3666,3577.3666,-6190.6911,3577.3666,3577.3666,
1/8/2025 10:15:00 AM,04IASMOD_G02,N,N,N,3577.3666,3577.3666,-1636,3577.3666,3577.3666,
1/8/2025 10:15:00 AM,04IASMOD_G03,N,N,N,3577.3666,3577.3666,-7891.2327,3577.3666,3577.3666,
1/8/2025 10:15:00 AM,04IASMOD_G04,N,N,N,3577.3666,3577.3666,2641.4815,3577.3666,3577.3666,
1/8/2025 10:15:00 AM,04IASMOD_G05,N,N,N,3577.3666,3577.3666,-2557.3880,3577.3666,3577.3666,
1/8/2025 10:15:00 AM,04IASMOD_G06,N,N,N,3577.3666,3577.3666,-1285.1596,3577.3666,3577.3666,
1/8/2025 10:15:00 AM,04ISABE_SS,N,N,N,3577.3666,3577.3666,-2001.6523,3577.3666,3577.3666,
1/8/2025 10:15:00 AM,04ISABE_T1L1,N,N,N,3577.7244,3577.7244,-2001.6523,3577.7244,3577.7244,
1/8/2025 10:15:00 AM,04ISABE_T2L1,N,N,N,3577.3666,3577.3666,-2001.6523,3577.3666,3577.3666,
1/8/2025 10:15:00 AM,04ISABE_T3L1,N,N,N,3577.3666,3577.3666,-2001.6523,3577.3666,3577.3666,
1/8/2025 10:15:00 AM,04ISABE_T4L2,N,N,N,3577.3666,3577.3666,-2001.6523,3577.3666,3577.3666,
1/8/2025 10:15:00 AM,04ISABE_T5L2,N,N,N,3577.3666,3577.3666,-2001.6523,3577.3666,3577.3666,
1/8/2025 10:15:00 AM,04LEYTE_A,N,N,N,3552.6778,3552.6778,-3120.9210,3552.6778,3552.6778,
1/8/2025 10:15:00 AM,04LEYTE_S01,N,N,N,3552.6778,3552.6778,-2001.6523,3552.6778,3552.6778,
1/8/2025 10:15:00 AM,04LGPP_G01,N,N,N,3533.3562,3533.3562,-2773.4048,3533.3562,3533.3562,
1/8/2025 10:15:00 AM,04MAASI_SS,N,N,N,3612.7896,3612.7896,-2001.6523,3612.7896,3612.7896,
1/8/2025 10:15:00 AM,04MAASI_T1L1,N,N,N,3614.2208,3614.2208,-2001.6523,3614.2208,3614.2208,
1/8/2025 10:15:00 AM,04MAASI_T2L2,N,N,N,3614.2208,3614.2208,-2001.6523,3614.2208,3614.2208,
1/8/2025 10:15:00 AM,04ORMOC_BAT,N,N,N,3556.2559,3556.2559,-2823.7828,3556.2559,3556.2559,
1/8/2025 10:15:00 AM,04ORMOC_SS,N,N,N,3553.7512,3553.7512,-2001.6523,3553.7512,3553.7512,
1/8/2025 10:15:00 AM,04ORMOC_T2L1,N,N,N,3556.2559,3556.2559,-2001.6523,3556.2559,3556.2559,
1/8/2025 10:15:00 AM,04ORMOC_T2L2,N,N,N,3556.2559,3556.2559,-2001.6523,3556.2559,3556.2559,
1/8/2025 10:15:00 AM,04PARA_SS,N,N,N,3733.7288,3733.7288,-2001.6523,3733.7288,3733.7288,
1/8/2025 10:15:00 AM,04PHSOL_G01,N,N,N,3556.2559,3556.2559,-2445.2220,3556.2559,3556.2559,
1/8/2025 10:15:00 AM,04SEPSOL_G01,N,N,N,3556.2559,3556.2559,-505.9798,3556.2559,3556.2559,
1/8/2025 10:15:00 AM,04SNAGU_L01,N,N,N,3765.9315,3765.9315,-2001.6523,3765.9315,3765.9315,
1/8/2025 10:15:00 AM,04STAR_SS,N,N,N,3687.9293,3687.9293,-2001.6523,3687.9293,3687.9293,
1/8/2025 10:15:00 AM,04TABAN_SS,N,N,N,3563.4121,3563.4121,-2001.6523,3563.4121,3563.4121,
1/8/2025 10:15:00 AM,04TABAN_T1L1,N,N,N,3578.0822,3578.0822,-2001.6523,3578.0822,3578.0822,
1/8/2025 10:15:00 AM,04TAFT_G01,N,N,N,3704.0307,3704.0307,-2629.0364,3704.0307,3704.0307,
1/8/2025 10:15:00 AM,04TONGO_T2L2,N,N,N,3534.7874,3534.7874,-2001.6523,3534.7874,3534.7874,
1/8/2025 10:15:00 AM,04UTH_G01,N,N,N,3709.3978,3709.3978,3071.3660,3709.3978,3709.3978,
1/8/2025 10:15:00 AM,04WRIGH_T1L1,N,N,N,3733.0132,3733.0132,-2001.6523,3733.0132,3733.0132,
1/8/2025 10:15:00 AM,04WRIGH_T2L2,N,N,N,3705.1041,3705.1041,-2001.6523,3705.1041,3705.1041,
1/8/2025 10:15:00 AM,05BANIL_T1L1,N,N,N,3600.9819,3600.9819,-2001.6523,3600.9819,3600.9819,
1/8/2025 10:15:00 AM,05BANIL_T1L2,N,N,N,3600.9819,3600.9819,-2001.6523,3600.9819,3600.9819,
1/8/2025 10:15:00 AM,05BANIL_T1L3,N,N,N,3600.6241,3600.6241,-2001.6523,3600.6241,3600.6241,
1/8/2025 10:15:00 AM,05CALUNG_CEP,N,N,N,3557.3293,3557.3293,-2001.6523,3557.3293,3557.3293,
1/8/2025 10:15:00 AM,05CARMENDPP_U01,N,N,N,3563.4121,3563.4121,-3151.3673,3563.4121,3563.4121,
1/8/2025 10:15:00 AM,05CARMENDPP_U02,N,N,N,3563.4121,3563.4121,-3151.3673,3563.4121,3563.4121,
1/8/2025 10:15:00 AM,05CARMENDPP_U03,N,N,N,3563.4121,3563.4121,-3151.3673,3563.4121,3563.4121,
1/8/2025 10:15:00 AM,05CARMENDPP_U04,N,N,N,3563.4121,3563.4121,-3151.3673,3563.4121,3563.4121,
1/8/2025 10:15:00 AM,05CDPPI_SS1,N,N,N,3578.0822,3578.0822,-2001.6523,3578.0822,3578.0822,
1/8/2025 10:15:00 AM,05CDPPI_SS2,N,N,N,3578.0822,3578.0822,-2001.6523,3578.0822,3578.0822,
1/8/2025 10:15:00 AM,05CEBU_SS,N,N,N,3589.1742,3589.1742,-2001.6523,3589.1742,3589.1742,
1/8/2025 10:15:00 AM,05CEDC_SS,N,N,N,3554.4668,3554.4668,-2001.6523,3554.4668,3554.4668,
1/8/2025 10:15:00 AM,05CEDC_U01,N,N,N,3554.4668,3554.4668,-4185.5632,3554.4668,3554.4668,
1/8/2025 10:15:00 AM,05CEDC_U02,N,N,N,3554.4668,3554.4668,-1786.9967,3554.4668,3554.4668,
1/8/2025 10:15:00 AM,05CEDC_U03,N,N,N,3554.4668,3554.4668,-1642.3147,3554.4668,3554.4668,
1/8/2025 10:15:00 AM,05CEMEX_L01,N,N,N,3578.0822,3578.0822,-2001.6523,3578.0822,3578.0822,
1/8/2025 10:15:00 AM,05COLON_L01,N,N,N,3578.44,3578.44,-2001.6523,3578.44,3578.44,
1/8/2025 10:15:00 AM,05COMPS_SS,N,N,N,3599.9085,3599.9085,-2001.6523,3599.9085,3599.9085,
1/8/2025 10:15:00 AM,05COMPS_T1L1,N,N,N,3600.9819,3600.9819,-2001.6523,3600.9819,3600.9819,
1/8/2025 10:15:00 AM,05COMPS_T2L2,N,N,N,3600.9819,3600.9819,-2001.6523,3600.9819,3600.9819,
1/8/2025 10:15:00 AM,05CPPC_U01,N,N,N,3603.4866,3603.4866,2833.5995,3603.4866,3603.4866,
1/8/2025 10:15:00 AM,05CPPC_U02,N,N,N,3603.4866,3603.4866,-3161.0775,3603.4866,3603.4866,
1/8/2025 10:15:00 AM,05CPPC_U03,N,N,N,3603.4866,3603.4866,2833.5995,3603.4866,3603.4866,
1/8/2025 10:15:00 AM,05CPPC_U04,N,N,N,3603.4866,3603.4866,2833.5995,3603.4866,3603.4866,
1/8/2025 10:15:00 AM,05CPPC_U05,N,N,N,3603.4866,3603.4866,2833.5995,3603.4866,3603.4866,
1/8/2025 10:15:00 AM,05CPPC_U06,N,N,N,3603.4866,3603.4866,2833.5995,3603.4866,3603.4866,
1/8/2025 10:15:00 AM,05CPPC_U07,N,N,N,3603.4866,3603.4866,-3161.0775,3603.4866,3603.4866,
1/8/2025 10:15:00 AM,05CPPC_U08,N,N,N,3603.4866,3603.4866,-3161.0775,3603.4866,3603.4866,
1/8/2025 10:15:00 AM,05CPPC_U09,N,N,N,3603.4866,3603.4866,-3161.0775,3603.4866,3603.4866,
1/8/2025 10:15:00 AM,05CPPC_U10,N,N,N,3603.4866,3603.4866,-3161.0775,3603.4866,3603.4866,
1/8/2025 10:15:00 AM,05DAANB_SS,N,N,N,3582.3759,3582.3759,-2001.6523,3582.3759,3582.3759,
1/8/2025 10:15:00 AM,05DMAN_SS,N,N,N,3539.0811,3539.0811,-2001.6523,3539.0811,3539.0811,
1/8/2025 10:15:00 AM,05DMA_L01,N,N,N,3524.0532,3524.0532,-2001.6523,3524.0532,3524.0532,
1/8/2025 10:15:00 AM,05EAUC_U01,N,N,N,3622.8082,3622.8082,-3163.1613,3622.8082,3622.8082,
1/8/2025 10:15:00 AM,05EAUC_U02,N,N,N,3622.8082,3622.8082,2847.9661,3622.8082,3622.8082,
1/8/2025 10:15:00 AM,05EAUC_U03,N,N,N,3622.8082,3622.8082,3189.2397,3622.8082,3622.8082,
1/8/2025 10:15:00 AM,05EAUC_U04,N,N,N,3622.8082,3622.8082,3179.9521,3622.8082,3622.8082,
1/8/2025 10:15:00 AM,05KSPC_G01,N,N,N,3575.5775,3575.5775,-1328.0930,3575.5775,3575.5775,
1/8/2025 10:15:00 AM,05KSPC_G02,N,N,N,3575.5775,3575.5775,514.2582,3575.5775,3575.5775,
1/8/2025 10:15:00 AM,05KSPC_SS1,N,N,N,3575.5775,3575.5775,-2001.6523,3575.5775,3575.5775,
1/8/2025 10:15:00 AM,05KSPC_SS2,N,N,N,3575.5775,3575.5775,-2001.6523,3575.5775,3575.5775,
1/8/2025 10:15:00 AM,05LAPU_SS,N,N,N,3621.0192,3621.0192,-2001.6523,3621.0192,3621.0192,
1/8/2025 10:15:00 AM,05MCTAN_T1L1,N,N,N,3622.8082,3622.8082,-2001.6523,3622.8082,3622.8082,
1/8/2025 10:15:00 AM,05MNDUE_SS,N,N,N,3617.4411,3617.4411,-2001.6523,3617.4411,3617.4411,
1/8/2025 10:15:00 AM,05MNDUE_T1L1,N,N,N,3618.5145,3618.5145,-2001.6523,3618.5145,3618.5145,
1/8/2025 10:15:00 AM,05MNDUE_T1L2,N,N,N,3578.0822,3578.0822,-2001.6523,3578.0822,3578.0822,
1/8/2025 10:15:00 AM,05MNDUE_T1L4,N,N,N,3618.5145,3618.5145,-2001.6523,3618.5145,3618.5145,
1/8/2025 10:15:00 AM,05MNDUE_T1L5,N,N,N,3618.5145,3618.5145,-2001.6523,3618.5145,3618.5145,
1/8/2025 10:15:00 AM,05NAGA_T1L1,N,N,N,3578.0822,3578.0822,-2001.6523,3578.0822,3578.0822,
1/8/2025 10:15:00 AM,05NAGA_T2L2,N,N,N,3578.0822,3578.0822,-2001.6523,3578.0822,3578.0822,
1/8/2025 10:15:00 AM,05NAGLES_L01,N,N,N,3584.5227,3584.5227,-2001.6523,3584.5227,3584.5227,
1/8/2025 10:15:00 AM,05NNAGVE_L01,N,N,N,3578.0822,3578.0822,-2001.6523,3578.0822,3578.0822,
1/8/2025 10:15:00 AM,05NNAGVE_L02,N,N,N,3578.0822,3578.0822,-2001.6523,3578.0822,3578.0822,
1/8/2025 10:15:00 AM,05QUIOT_T1L1,N,N,N,3603.4866,3603.4866,-2001.6523,3603.4866,3603.4866,
1/8/2025 10:15:00 AM,05SAMB_L01,N,N,N,3392.0219,3392.0219,-2001.6523,3392.0219,3392.0219,
1/8/2025 10:15:00 AM,05SAMB_L02,N,N,N,3578.0822,3578.0822,-2001.6523,3578.0822,3578.0822,
1/8/2025 10:15:00 AM,05SAMB_SS,N,N,N,3392.0219,3392.0219,-2001.6523,3392.0219,3392.0219,
1/8/2025 10:15:00 AM,05TALATR1_SS,N,N,N,3557.3293,3557.3293,-2001.6523,3557.3293,3557.3293,
1/8/2025 10:15:00 AM,05TALAV_SS,N,N,N,3557.3293,3557.3293,-2001.6523,3557.3293,3557.3293,
1/8/2025 10:15:00 AM,05TALAV_T1L1,N,N,N,3557.3293,3557.3293,-2001.6523,3557.3293,3557.3293,
1/8/2025 10:15:00 AM,05TALIS_T1L1,N,N,N,3584.1649,3584.1649,-2001.6523,3584.1649,3584.1649,
1/8/2025 10:15:00 AM,05THVI_SS1,N,N,N,3561.2652,3561.2652,-2001.6523,3561.2652,3561.2652,
1/8/2025 10:15:00 AM,05THVI_SS2,N,N,N,3560.5496,3560.5496,-2001.6523,3560.5496,3560.5496,
1/8/2025 10:15:00 AM,05THVI_U01,N,N,N,3578.0822,3578.0822,557.3357,3578.0822,3578.0822,
1/8/2025 10:15:00 AM,05THVI_U02,N,N,N,3560.5496,3560.5496,-1227.2407,3560.5496,3560.5496,
1/8/2025 10:15:00 AM,05TOLEDO_BAT,N,N,N,3557.3293,3557.3293,-3151.1473,3557.3293,3557.3293,
1/8/2025 10:15:00 AM,05TOLSOL_G01,N,N,N,3557.3293,3557.3293,-2782.0373,3557.3293,3557.3293,
1/8/2025 10:15:00 AM,05TOL_CARMEN,N,N,N,3563.4121,3563.4121,-2001.6523,3563.4121,3563.4121,
1/8/2025 10:15:00 AM,05TPC_G01,N,N,N,3563.4121,3563.4121,-3151.3673,3563.4121,3563.4121,
1/8/2025 10:15:00 AM,05TPC_G02,N,N,N,3563.4121,3563.4121,-2404.3996,3563.4121,3563.4121,
1/8/2025 10:15:00 AM,05TPC_L01,N,N,N,3563.4121,3563.4121,-2001.6523,3563.4121,3563.4121,
1/8/2025 10:15:00 AM,05TPC_S01,N,N,N,3563.4121,3563.4121,-2001.6523,3563.4121,3563.4121,
1/8/2025 10:15:00 AM,05TPC_S02,N,N,N,3563.4121,3563.4121,-2001.6523,3563.4121,3563.4121,
1/8/2025 10:15:00 AM,05TPVI_U01,N,N,N,3578.0822,3578.0822,-3158.9710,3578.0822,3578.0822,
1/8/2025 10:15:00 AM,05TPVI_U02,N,N,N,3578.0822,3578.0822,2816.9793,3578.0822,3578.0822,
1/8/2025 10:15:00 AM,05TPVI_U03,N,N,N,3578.0822,3578.0822,2816.9793,3578.0822,3578.0822,
1/8/2025 10:15:00 AM,05TPVI_U04,N,N,N,3578.0822,3578.0822,2816.9793,3578.0822,3578.0822,
1/8/2025 10:15:00 AM,05TPVI_U05,N,N,N,3578.0822,3578.0822,2816.9793,3578.0822,3578.0822,
1/8/2025 10:15:00 AM,05TPVI_U06,N,N,N,3578.0822,3578.0822,2816.9793,3578.0822,3578.0822,
1/8/2025 10:15:00 AM,06AMLAN_SS,N,N,N,3303.2855,3303.2855,-2001.6523,3303.2855,3303.2855,
1/8/2025 10:15:00 AM,06AMLAN_T1L1,N,N,N,3304.7167,3304.7167,-2001.6523,3304.7167,3304.7167,
1/8/2025 10:15:00 AM,06AMLAN_T2L2,N,N,N,3304.7167,3304.7167,-2001.6523,3304.7167,3304.7167,
1/8/2025 10:15:00 AM,06AMLA_G01,N,N,N,3304.7167,3304.7167,-2913.2208,3304.7167,3304.7167,
1/8/2025 10:15:00 AM,06BACOL_SS,N,N,N,3630.68,3630.68,-2001.6523,3630.68,3630.68,
1/8/2025 10:15:00 AM,06BACOL_T1L1,N,N,N,3629.9644,3629.9644,-2001.6523,3629.9644,3629.9644,
1/8/2025 10:15:00 AM,06BACOL_T1L2,N,N,N,3629.9644,3629.9644,-2001.6523,3629.9644,3629.9644,
1/8/2025 10:15:00 AM,06BACOL_T2L2,N,N,N,3629.9644,3629.9644,-2001.6523,3629.9644,3629.9644,
1/8/2025 10:15:00 AM,06BACOL_T3L3,N,N,N,3629.9644,3629.9644,-2001.6523,3629.9644,3629.9644,
1/8/2025 10:15:00 AM,06BBGPP_G01,N,N,N,3630.68,3630.68,-3171.9829,3630.68,3630.68,
1/8/2025 10:15:00 AM,06BBGPP_L01,N,N,N,3630.68,3630.68,-2001.6523,3630.68,3630.68,
1/8/2025 10:15:00 AM,06BCLBAS_LD1,N,N,N,3629.9644,3629.9644,-2001.6523,3629.9644,3629.9644,
1/8/2025 10:15:00 AM,06BCL_SS,N,N,N,3628.8910,3628.8910,-2001.6523,3628.8910,3628.8910,
1/8/2025 10:15:00 AM,06BISCOM_G01,N,N,N,3645.7079,3645.7079,-2235.0995,3645.7079,3645.7079,
1/8/2025 10:15:00 AM,06CABI_G01,N,N,N,3304.7167,3304.7167,577.2861,3304.7167,3304.7167,
1/8/2025 10:15:00 AM,06CADIZL_SS,N,N,N,3601.6975,3601.6975,-2001.6523,3601.6975,3601.6975,
1/8/2025 10:15:00 AM,06CADIZL_T1L1,N,N,N,3601.6975,3601.6975,-2001.6523,3601.6975,3601.6975,
1/8/2025 10:15:00 AM,06CADIZL_T1L2,N,N,N,3601.6975,3601.6975,-2001.6523,3601.6975,3601.6975,
1/8/2025 10:15:00 AM,06CADIZL_T1L3,N,N,N,3601.6975,3601.6975,-2001.6523,3601.6975,3601.6975,
1/8/2025 10:15:00 AM,06CADIZL_T1L4,N,N,N,3601.6975,3601.6975,-2001.6523,3601.6975,3601.6975,
1/8/2025 10:15:00 AM,06CALASOL_G01,N,N,N,3578.0822,3578.0822,-796.7337,3578.0822,3578.0822,
1/8/2025 10:15:00 AM,06CARSOL_G01,N,N,N,3629.9644,3629.9644,-1876.5264,3629.9644,3629.9644,
1/8/2025 10:15:00 AM,06CAY_SS,N,N,N,3577.7244,3577.7244,-2001.6523,3577.7244,3577.7244,
1/8/2025 10:15:00 AM,06CENPRI_U01,N,N,N,3629.9644,3629.9644,-3170.7790,3629.9644,3629.9644,
1/8/2025 10:15:00 AM,06CENPRI_U02,N,N,N,3629.9644,3629.9644,2824.0218,3629.9644,3629.9644,
1/8/2025 10:15:00 AM,06CENPRI_U03,N,N,N,3629.9644,3629.9644,2824.0218,3629.9644,3629.9644,
1/8/2025 10:15:00 AM,06CENPRI_U04,N,N,N,3629.9644,3629.9644,2820.5359,3629.9644,3629.9644,
1/8/2025 10:15:00 AM,06CENPRI_U05,N,N,N,3629.9644,3629.9644,2820.4299,3629.9644,3629.9644,
1/8/2025 10:15:00 AM,06CLTRAVA_SS,N,N,N,3578.0822,3578.0822,-2001.6523,3578.0822,3578.0822,
1/8/2025 10:15:00 AM,06FFHC_G01,N,N,N,3601.6975,3601.6975,-1238.3764,3601.6975,3601.6975,
1/8/2025 10:15:00 AM,06GAHIT_SS,N,N,N,3618.8723,3618.8723,-2001.6523,3618.8723,3618.8723,
1/8/2025 10:15:00 AM,06HELIOS_G01,N,N,N,3600.9819,3600.9819,-4639.8884,3600.9819,3600.9819,
1/8/2025 10:15:00 AM,06HELIOS_S01,N,N,N,3600.9819,3600.9819,-2001.6523,3600.9819,3600.9819,
1/8/2025 10:15:00 AM,06HPCO_G01,N,N,N,3578.0822,3578.0822,-3158.9710,3578.0822,3578.0822,
1/8/2025 10:15:00 AM,06HPCO_G02,N,N,N,3629.9644,3629.9644,3337.7636,3629.9644,3629.9644,
1/8/2025 10:15:00 AM,06KABAN_BAT,N,N,N,3651.0751,3651.0751,2838.1067,3651.0751,3651.0751,
1/8/2025 10:15:00 AM,06KABAN_L01,N,N,N,3651.0751,3651.0751,-2001.6523,3651.0751,3651.0751,
1/8/2025 10:15:00 AM,06KABAN_SS,N,N,N,3651.0751,3651.0751,-2001.6523,3651.0751,3651.0751,
1/8/2025 10:15:00 AM,06KABAN_T1L1,N,N,N,3645.7079,3645.7079,-2001.6523,3645.7079,3645.7079,
1/8/2025 10:15:00 AM,06KABAN_T2L2,N,N,N,3645.7079,3645.7079,-2001.6523,3645.7079,3645.7079,
1/8/2025 10:15:00 AM,06MABIN_SS,N,N,N,3295.0559,3295.0559,-2001.6523,3295.0559,3295.0559,
1/8/2025 10:15:00 AM,06MABIN_T1L1,N,N,N,3294.6981,3294.6981,-2001.6523,3294.6981,3294.6981,
1/8/2025 10:15:00 AM,06MABIN_T2L2,N,N,N,3294.6981,3294.6981,-2001.6523,3294.6981,3294.6981,
1/8/2025 10:15:00 AM,06MANSOL_G01,N,N,N,3601.6975,3601.6975,-5780.8831,3601.6975,3601.6975,
1/8/2025 10:15:00 AM,06MNTSOL_G01,N,N,N,3304.7167,3304.7167,-711.2386,3304.7167,3304.7167,
1/8/2025 10:15:00 AM,06NASULO_G01,N,N,N,3268.5781,3268.5781,-2839.4717,3268.5781,3268.5781,
1/8/2025 10:15:00 AM,06NTNEGB_G01,N,N,N,3578.0822,3578.0822,-3158.9710,3578.0822,3578.0822,
1/8/2025 10:15:00 AM,06PAL1A_G01,N,N,N,3270.0093,3270.0093,-2859.7963,3270.0093,3270.0093,
1/8/2025 10:15:00 AM,06PAL1A_SS,N,N,N,3271.4405,3271.4405,-2001.6523,3271.4405,3271.4405,
1/8/2025 10:15:00 AM,06PAL2A_U01,N,N,N,3268.5781,3268.5781,-2766.0548,3268.5781,3268.5781,
1/8/2025 10:15:00 AM,06PAL2A_U02,N,N,N,3268.5781,3268.5781,-2671.8705,3268.5781,3268.5781,
1/8/2025 10:15:00 AM,06PAL2A_U03,N,N,N,3268.5781,3268.5781,-2769.8966,3268.5781,3268.5781,
1/8/2025 10:15:00 AM,06PAL2A_U04,N,N,N,3578.0822,3578.0822,-3158.9710,3578.0822,3578.0822,
1/8/2025 10:15:00 AM,06PGPP2_SS,N,N,N,3270.0093,3270.0093,-2001.6523,3270.0093,3270.0093,
1/8/2025 10:15:00 AM,06SACASL_G01,N,N,N,3561.6230,3561.6230,-3053.7775,3561.6230,3561.6230,
1/8/2025 10:15:00 AM,06SACASL_G02,N,N,N,3561.6230,3561.6230,-9510.5157,3561.6230,3561.6230,
1/8/2025 10:15:00 AM,06SACSUN_G01,N,N,N,3557.6871,3557.6871,-2607.9503,3557.6871,3557.6871,
1/8/2025 10:15:00 AM,06SCBE_G01,N,N,N,3601.6975,3601.6975,-3158.9275,3601.6975,3601.6975,
1/8/2025 10:15:00 AM,06SCBIOP_G01,N,N,N,3578.0822,3578.0822,-3158.9710,3578.0822,3578.0822,
1/8/2025 10:15:00 AM,06SLYSOL_G01,N,N,N,3629.9644,3629.9644,-243.1476,3629.9644,3629.9644,
1/8/2025 10:15:00 AM,06SNCARLOS_SS,N,N,N,3562.6964,3562.6964,-2001.6523,3562.6964,3562.6964,
1/8/2025 10:15:00 AM,06STNEGB_G01,N,N,N,3578.0822,3578.0822,-3158.9710,3578.0822,3578.0822,
1/8/2025 10:15:00 AM,06URC_G01,N,N,N,3294.6981,3294.6981,-971.5525,3294.6981,3294.6981,
1/8/2025 10:15:00 AM,06VMC_G01,N,N,N,3578.0822,3578.0822,-3158.9710,3578.0822,3578.0822,
1/8/2025 10:15:00 AM,06VMC_G02,N,N,N,3629.9644,3629.9644,-2194.1501,3629.9644,3629.9644,
1/8/2025 10:15:00 AM,07BDPP_U01,N,N,N,3546.2373,3546.2373,2818.3878,3546.2373,3546.2373,
1/8/2025 10:15:00 AM,07BDPP_U02,N,N,N,3546.2373,3546.2373,3695.5993,3546.2373,3546.2373,
1/8/2025 10:15:00 AM,07BDPP_U03,N,N,N,3546.2373,3546.2373,-3172.7776,3546.2373,3546.2373,
1/8/2025 10:15:00 AM,07BDPP_U04,N,N,N,3546.2373,3546.2373,-3172.7776,3546.2373,3546.2373,
1/8/2025 10:15:00 AM,07BOHOL_T1L1,N,N,N,3603.8444,3603.8444,-2001.6523,3603.8444,3603.8444,
1/8/2025 10:15:00 AM,07BOHOL_T4L4,N,N,N,3603.8444,3603.8444,-2001.6523,3603.8444,3603.8444,
1/8/2025 10:15:00 AM,07COREL_T1L1,N,N,N,3546.2373,3546.2373,-2001.6523,3546.2373,3546.2373,
1/8/2025 10:15:00 AM,07COREL_T1L2,N,N,N,3546.2373,3546.2373,-2001.6523,3546.2373,3546.2373,
1/8/2025 10:15:00 AM,07COREL_T1L3,N,N,N,3546.2373,3546.2373,-2001.6523,3546.2373,3546.2373,
1/8/2025 10:15:00 AM,07CRA_SS,N,N,N,3547.6685,3547.6685,-2001.6523,3547.6685,3547.6685,
1/8/2025 10:15:00 AM,07DAGSOL_G01,N,N,N,3603.8444,3603.8444,-3084.0554,3603.8444,3603.8444,
1/8/2025 10:15:00 AM,07JANOPO_G01,N,N,N,3546.2373,3546.2373,-3172.7776,3546.2373,3546.2373,
1/8/2025 10:15:00 AM,07LOBOC_G01,N,N,N,3546.2373,3546.2373,-1921.6653,3546.2373,3546.2373,
1/8/2025 10:15:00 AM,07LOBOC_G02,N,N,N,3546.2373,3546.2373,2818.3878,3546.2373,3546.2373,
1/8/2025 10:15:00 AM,07SEVILL_G01,N,N,N,3546.2373,3546.2373,3158.8965,3546.2373,3546.2373,
1/8/2025 10:15:00 AM,07TPLPB4_U01,N,N,N,3603.8444,3603.8444,-3084.0554,3603.8444,3603.8444,
1/8/2025 10:15:00 AM,07TPLPB4_U02,N,N,N,3603.8444,3603.8444,-3084.0554,3603.8444,3603.8444,
1/8/2025 10:15:00 AM,07TPLPB4_U03,N,N,N,3603.8444,3603.8444,-3084.0554,3603.8444,3603.8444,
1/8/2025 10:15:00 AM,07TPLPB4_U04,N,N,N,3603.8444,3603.8444,-3084.0554,3603.8444,3603.8444,
1/8/2025 10:15:00 AM,07UBAY_BAT,N,N,N,3603.8444,3603.8444,-3084.0554,3603.8444,3603.8444,
1/8/2025 10:15:00 AM,07UBAY_T1L1,N,N,N,3603.8444,3603.8444,-2001.6523,3603.8444,3603.8444,
1/8/2025 10:15:00 AM,07UBAY_T2L2,N,N,N,3603.8444,3603.8444,-2001.6523,3603.8444,3603.8444,
1/8/2025 10:15:00 AM,07UBAY_T3L3,N,N,N,3603.8444,3603.8444,-2001.6523,3603.8444,3603.8444,
1/8/2025 10:15:00 AM,08BANTAP_L01,N,N,N,3746.9677,3746.9677,-2001.6523,3746.9677,3746.9677,
1/8/2025 10:15:00 AM,08BARO_SS,N,N,N,3623.1660,3623.1660,-2001.6523,3623.1660,3623.1660,
1/8/2025 10:15:00 AM,08BARTAC_L01,N,N,N,3578.0822,3578.0822,-2001.6523,3578.0822,3578.0822,
1/8/2025 10:15:00 AM,08BARTAC_SS,N,N,N,3623.1660,3623.1660,-2001.6523,3623.1660,3623.1660,
1/8/2025 10:15:00 AM,08BVISTA_L01,N,N,N,3741.6005,3741.6005,-2001.6523,3741.6005,3741.6005,
1/8/2025 10:15:00 AM,08BVISTA_L02,N,N,N,3741.6005,3741.6005,-2001.6523,3741.6005,3741.6005,
1/8/2025 10:15:00 AM,08CASA_G01,N,N,N,3695.8011,3695.8011,-1014.7399,3695.8011,3695.8011,
1/8/2025 10:15:00 AM,08CASA_G02,N,N,N,3695.8011,3695.8011,-3168.7493,3695.8011,3695.8011,
1/8/2025 10:15:00 AM,08CONCP_T1L1,N,N,N,3606.7068,3606.7068,-2001.6523,3606.7068,3606.7068,
1/8/2025 10:15:00 AM,08COSMO_G01,N,N,N,3741.9584,3741.9584,-3169.9127,3741.9584,3741.9584,
1/8/2025 10:15:00 AM,08DINGL_SS,N,N,N,3695.8011,3695.8011,-2001.6523,3695.8011,3695.8011,
1/8/2025 10:15:00 AM,08DINGL_T1L1,N,N,N,3695.8011,3695.8011,-2001.6523,3695.8011,3695.8011,
1/8/2025 10:15:00 AM,08DINGL_T1L2,N,N,N,3695.8011,3695.8011,-2001.6523,3695.8011,3695.8011,
1/8/2025 10:15:00 AM,08DINGL_T1L3,N,N,N,3695.4433,3695.4433,-2001.6523,3695.4433,3695.4433,
1/8/2025 10:15:00 AM,08DINGL_T1L4,N,N,N,3695.4433,3695.4433,-2001.6523,3695.4433,3695.4433,
1/8/2025 10:15:00 AM,08DINGL_T2L1,N,N,N,3695.8011,3695.8011,-2001.6523,3695.8011,3695.8011,
1/8/2025 10:15:00 AM,08DINGL_T2L2,N,N,N,3695.8011,3695.8011,-2001.6523,3695.8011,3695.8011,
1/8/2025 10:15:00 AM,08GLOBAL_G01,N,N,N,3776.3079,3776.3079,-3188.8133,3776.3079,3776.3079,
1/8/2025 10:15:00 AM,08NABASDPP_U01,N,N,N,3776.3079,3776.3079,-3188.8133,3776.3079,3776.3079,
1/8/2025 10:15:00 AM,08NABASDPP_U02,N,N,N,3776.3079,3776.3079,-3188.8133,3776.3079,3776.3079,
1/8/2025 10:15:00 AM,08NABAS_L01,N,N,N,3776.3079,3776.3079,-2001.6523,3776.3079,3776.3079,
1/8/2025 10:15:00 AM,08NABAS_L02,N,N,N,3776.3079,3776.3079,-2001.6523,3776.3079,3776.3079,
1/8/2025 10:15:00 AM,08NABAS_L03,N,N,N,3776.3079,3776.3079,-2001.6523,3776.3079,3776.3079,
1/8/2025 10:15:00 AM,08NABAS_SS,N,N,N,3776.3079,3776.3079,-2001.6523,3776.3079,3776.3079,
1/8/2025 10:15:00 AM,08PALM_G01,N,N,N,3606.3490,3606.3490,-840.6631,3606.3490,3606.3490,
1/8/2025 10:15:00 AM,08PALM_S01,N,N,N,3606.3490,3606.3490,-2001.6523,3606.3490,3606.3490,
1/8/2025 10:15:00 AM,08PANIT_SS,N,N,N,3747.3255,3747.3255,-2001.6523,3747.3255,3747.3255,
1/8/2025 10:15:00 AM,08PANIT_T1L1,N,N,N,3746.9677,3746.9677,-2001.6523,3746.9677,3746.9677,
1/8/2025 10:15:00 AM,08PANIT_T2L2,N,N,N,3746.9677,3746.9677,-2001.6523,3746.9677,3746.9677,
1/8/2025 10:15:00 AM,08PDPP1_U02,N,N,N,3695.8011,3695.8011,-3168.9239,3695.8011,3695.8011,
1/8/2025 10:15:00 AM,08PDPP1_U03,N,N,N,3695.8011,3695.8011,2838.9518,3695.8011,3695.8011,
1/8/2025 10:15:00 AM,08PDPP1_U05,N,N,N,3695.8011,3695.8011,-3168.9239,3695.8011,3695.8011,
1/8/2025 10:15:00 AM,08PDPP3_C,N,N,N,3695.8011,3695.8011,2838.9518,3695.8011,3695.8011,
1/8/2025 10:15:00 AM,08PDPP3_E,N,N,N,3695.8011,3695.8011,-3168.9239,3695.8011,3695.8011,
1/8/2025 10:15:00 AM,08PDPP3_G,N,N,N,3695.8011,3695.8011,-3168.9239,3695.8011,3695.8011,
1/8/2025 10:15:00 AM,08PDPP3_H,N,N,N,3695.8011,3695.8011,-3168.9239,3695.8011,3695.8011,
1/8/2025 10:15:00 AM,08PDPP3_S01,N,N,N,3695.8011,3695.8011,-2001.6523,3695.8011,3695.8011,
1/8/2025 10:15:00 AM,08PEDC_SS1,N,N,N,3695.4433,3695.4433,-2001.6523,3695.4433,3695.4433,
1/8/2025 10:15:00 AM,08PEDC_SS2,N,N,N,3695.4433,3695.4433,-2001.6523,3695.4433,3695.4433,
1/8/2025 10:15:00 AM,08PEDC_SS3,N,N,N,3695.4433,3695.4433,-2001.6523,3695.4433,3695.4433,
1/8/2025 10:15:00 AM,08PEDC_T1L1,N,N,N,3695.4433,3695.4433,-2001.6523,3695.4433,3695.4433,
1/8/2025 10:15:00 AM,08PEDC_T1L2,N,N,N,3695.8011,3695.8011,-2001.6523,3695.8011,3695.8011,
1/8/2025 10:15:00 AM,08PEDC_U01,N,N,N,3695.4433,3695.4433,-1843.4817,3695.4433,3695.4433,
1/8/2025 10:15:00 AM,08PEDC_U02,N,N,N,3695.4433,3695.4433,-2059.7546,3695.4433,3695.4433,
1/8/2025 10:15:00 AM,08PEDC_U03,N,N,N,3695.4433,3695.4433,-4184.8008,3695.4433,3695.4433,
1/8/2025 10:15:00 AM,08PWIND_G01,N,N,N,3776.3079,3776.3079,-2521.4693,3776.3079,3776.3079,
1/8/2025 10:15:00 AM,08PWIND_G02,N,N,N,3776.3079,3776.3079,-2665.5687,3776.3079,3776.3079,
1/8/2025 10:15:00 AM,08SLWIND_G01,N,N,N,3741.6005,3741.6005,-2559.3385,3741.6005,3741.6005,
1/8/2025 10:15:00 AM,08SLWIND_L01,N,N,N,3741.6005,3741.6005,-2001.6523,3741.6005,3741.6005,
1/8/2025 10:15:00 AM,08SNJOSE_L01,N,N,N,3741.9584,3741.9584,-2001.6523,3741.9584,3741.9584,
1/8/2025 10:15:00 AM,08SNJOSE_L02,N,N,N,3741.9584,3741.9584,-2001.6523,3741.9584,3741.9584,
1/8/2025 10:15:00 AM,08SNJOSE_L03,N,N,N,3741.9584,3741.9584,-2001.6523,3741.9584,3741.9584,
1/8/2025 10:15:00 AM,08STBAR_SS1,N,N,N,3709.04,3709.04,-2001.6523,3709.04,3709.04,
1/8/2025 10:15:00 AM,08STBAR_SS2,N,N,N,3709.04,3709.04,-2001.6523,3709.04,3709.04,
1/8/2025 10:15:00 AM,08STBAR_SS3,N,N,N,3709.04,3709.04,-2001.6523,3709.04,3709.04,
1/8/2025 10:15:00 AM,08STBAR_T1L1,N,N,N,3709.04,3709.04,-2001.6523,3709.04,3709.04,
1/8/2025 10:15:00 AM,08STBAR_T2L2,N,N,N,3709.04,3709.04,-2001.6523,3709.04,3709.04,
1/8/2025 10:15:00 AM,08STBPB1_U01,N,N,N,3709.04,3709.04,2826.8387,3709.04,3709.04,
1/8/2025 10:15:00 AM,08STBPB1_U02,N,N,N,3709.04,3709.04,2826.8387,3709.04,3709.04,
1/8/2025 10:15:00 AM,08STBPB1_U03,N,N,N,3709.04,3709.04,2826.8387,3709.04,3709.04,
1/8/2025 10:15:00 AM,08STBPB1_U04,N,N,N,3709.04,3709.04,2826.8387,3709.04,3709.04,
1/8/2025 10:15:00 AM,08SUWECO_G01,N,N,N,3709.04,3709.04,-5542.9843,3709.04,3709.04,
1/8/2025 10:15:00 AM,08TIMBA_G01,N,N,N,3776.3079,3776.3079,-4558.5978,3776.3079,3776.3079,
1/8/2025 10:15:00 AM,09AURORA_SS,N,N,N,3481.6123,3481.6123,-2410.5460,3481.6123,3481.6123,
1/8/2025 10:15:00 AM,09CLB_T1L1,N,N,N,3482.9214,3482.9214,-2410.5460,3482.9214,3482.9214,
1/8/2025 10:15:00 AM,09JIMDSL_U01,N,N,N,3482.9214,3482.9214,-3211.8695,3482.9214,3482.9214,
1/8/2025 10:15:00 AM,09JIMDSL_U02,N,N,N,3482.9214,3482.9214,-3211.8695,3482.9214,3482.9214,
1/8/2025 10:15:00 AM,09KAP_T1L1,N,N,N,3482.9214,3482.9214,-2410.5460,3482.9214,3482.9214,
1/8/2025 10:15:00 AM,09LALA_SS,N,N,N,3373.2824,3373.2824,-2410.5460,3373.2824,3373.2824,
1/8/2025 10:15:00 AM,09LIBPOWR_G01,N,N,N,3482.9214,3482.9214,-2727.0782,3482.9214,3482.9214,
1/8/2025 10:15:00 AM,09MHY_T1L1,N,N,N,3482.9214,3482.9214,-2410.5460,3482.9214,3482.9214,
1/8/2025 10:15:00 AM,09MLS_T1L1,N,N,N,3877.2947,3877.2947,-2410.5460,3877.2947,3877.2947,
1/8/2025 10:15:00 AM,09NAGA_SS,N,N,N,3875.0037,3875.0037,-2410.5460,3875.0037,3875.0037,
1/8/2025 10:15:00 AM,09PANABNK_U01,N,N,N,3482.9214,3482.9214,-3211.8695,3482.9214,3482.9214,
1/8/2025 10:15:00 AM,09PANABNK_U02,N,N,N,3482.9214,3482.9214,-3211.8695,3482.9214,3482.9214,
1/8/2025 10:15:00 AM,09PITOGO_SS,N,N,N,4155.4833,4155.4833,-2410.5460,4155.4833,4155.4833,
1/8/2025 10:15:00 AM,09POLAN_SS,N,N,N,3542.8138,3542.8138,-2410.5460,3542.8138,3542.8138,
1/8/2025 10:15:00 AM,09RXS_T2L1,N,N,N,3543.4683,3543.4683,-2410.5460,3543.4683,3543.4683,
1/8/2025 10:15:00 AM,09SANGALI_BAT,N,N,N,4116.5369,4116.5369,-3428.7866,4116.5369,4116.5369,
1/8/2025 10:15:00 AM,09SJG_T1L1,N,N,N,4153.8469,4153.8469,-2410.5460,4153.8469,4153.8469,
1/8/2025 10:15:00 AM,09SML_T1L1,N,N,N,3482.9214,3482.9214,-2410.5460,3482.9214,3482.9214,
1/8/2025 10:15:00 AM,09SRW_T1L1,N,N,N,3877.2947,3877.2947,-2410.5460,3877.2947,3877.2947,
1/8/2025 10:15:00 AM,09TMG_T1L1,N,N,N,4153.8469,4153.8469,-2410.5460,4153.8469,4153.8469,
1/8/2025 10:15:00 AM,09TMG_T2L1,N,N,N,4116.5369,4116.5369,-2410.5460,4116.5369,4116.5369,
1/8/2025 10:15:00 AM,09TUL_T1L1,N,N,N,4153.8469,4153.8469,-2410.5460,4153.8469,4153.8469,
1/8/2025 10:15:00 AM,09WMPC_S01,N,N,N,4116.5369,4116.5369,-2410.5460,4116.5369,4116.5369,
1/8/2025 10:15:00 AM,09WMPC_U01,N,N,N,4116.5369,4116.5369,-3428.7866,4116.5369,4116.5369,
1/8/2025 10:15:00 AM,09WMPC_U02,N,N,N,4116.5369,4116.5369,-3428.7866,4116.5369,4116.5369,
1/8/2025 10:15:00 AM,09WMPC_U03,N,N,N,4116.5369,4116.5369,-3428.7866,4116.5369,4116.5369,
1/8/2025 10:15:00 AM,09WMPC_U04,N,N,N,4116.5369,4116.5369,-3428.7866,4116.5369,4116.5369,
1/8/2025 10:15:00 AM,09WMPC_U05,N,N,N,4116.5369,4116.5369,-3428.7866,4116.5369,4116.5369,
1/8/2025 10:15:00 AM,09WMPC_U06,N,N,N,4116.5369,4116.5369,-3428.7866,4116.5369,4116.5369,
1/8/2025 10:15:00 AM,09WMPC_U07,N,N,N,4116.5369,4116.5369,-3428.7866,4116.5369,4116.5369,
1/8/2025 10:15:00 AM,09WMPC_U08,N,N,N,4116.5369,4116.5369,-3428.7866,4116.5369,4116.5369,
1/8/2025 10:15:00 AM,09WMPC_U09,N,N,N,4116.5369,4116.5369,-3428.7866,4116.5369,4116.5369,
1/8/2025 10:15:00 AM,09WMPC_U10,N,N,N,4116.5369,4116.5369,4290.7446,4116.5369,4116.5369,
1/8/2025 10:15:00 AM,09ZAMBO_SS,N,N,N,4116.5369,4116.5369,-2410.5460,4116.5369,4116.5369,
1/8/2025 10:15:00 AM,09ZAMSAN_L01,N,N,N,4116.5369,4116.5369,-2410.5460,4116.5369,4116.5369,
1/8/2025 10:15:00 AM,10AG6_T2L1,N,N,N,3275.0982,3275.0982,-2410.5460,3275.0982,3275.0982,
1/8/2025 10:15:00 AM,10AGUS1_SS,N,N,N,3244.0065,3244.0065,-2410.5460,3244.0065,3244.0065,
1/8/2025 10:15:00 AM,10AGUS1_U01,N,N,N,3244.0065,3244.0065,-4226.3373,3244.0065,3244.0065,
1/8/2025 10:15:00 AM,10AGUS1_U02,N,N,N,3244.0065,3244.0065,827.0905,3244.0065,3244.0065,
1/8/2025 10:15:00 AM,10AGUS2_SS,N,N,N,3248.5884,3248.5884,-2410.5460,3248.5884,3248.5884,
1/8/2025 10:15:00 AM,10AGUS2_U01,N,N,N,3248.5884,3248.5884,-3415.3707,3248.5884,3248.5884,
1/8/2025 10:15:00 AM,10AGUS2_U02,N,N,N,3248.5884,3248.5884,-11.3526,3248.5884,3248.5884,
1/8/2025 10:15:00 AM,10AGUS2_U03,N,N,N,3248.5884,3248.5884,-1730.6752,3248.5884,3248.5884,
1/8/2025 10:15:00 AM,10AGUS4_SS,N,N,N,3273.1345,3273.1345,-2410.5460,3273.1345,3273.1345,
1/8/2025 10:15:00 AM,10AGUS4_U01,N,N,N,3272.8072,3272.8072,3592.9024,3272.8072,3272.8072,
1/8/2025 10:15:00 AM,10AGUS4_U02,N,N,N,3273.1345,3273.1345,-563.3676,3273.1345,3273.1345,
1/8/2025 10:15:00 AM,10AGUS4_U03,N,N,N,3273.1345,3273.1345,-3087.0911,3273.1345,3273.1345,
1/8/2025 10:15:00 AM,10AGUS5_SS,N,N,N,3276.7346,3276.7346,-2410.5460,3276.7346,3276.7346,
1/8/2025 10:15:00 AM,10AGUS5_U01,N,N,N,3276.7346,3276.7346,-1478.6322,3276.7346,3276.7346,
1/8/2025 10:15:00 AM,10AGUS5_U02,N,N,N,3276.7346,3276.7346,-3993.8950,3276.7346,3276.7346,
1/8/2025 10:15:00 AM,10AGUS6_SS,N,N,N,3267.2434,3267.2434,-2410.5460,3267.2434,3267.2434,
1/8/2025 10:15:00 AM,10AGUS6_U01,N,N,N,3267.2434,3267.2434,-231.0249,3267.2434,3267.2434,
1/8/2025 10:15:00 AM,10AGUS6_U02,N,N,N,3267.2434,3267.2434,-3316.4824,3267.2434,3267.2434,
1/8/2025 10:15:00 AM,10AGUS6_U03,N,N,N,3267.2434,3267.2434,-2961.3885,3267.2434,3267.2434,
1/8/2025 10:15:00 AM,10AGUS6_U04,N,N,N,3267.2434,3267.2434,-341.5736,3267.2434,3267.2434,
1/8/2025 10:15:00 AM,10AGUS6_U05,N,N,N,3267.2434,3267.2434,73.1642,3267.2434,3267.2434,
1/8/2025 10:15:00 AM,10AGUS7_U01,N,N,N,3267.2434,3267.2434,-1180.4857,3267.2434,3267.2434,
1/8/2025 10:15:00 AM,10AGUS7_U02,N,N,N,3267.2434,3267.2434,2780.2753,3267.2434,3267.2434,
1/8/2025 10:15:00 AM,10BALOI_L01,N,N,N,3267.2434,3267.2434,-2410.5460,3267.2434,3267.2434,
1/8/2025 10:15:00 AM,10BALOI_SS,N,N,N,3291.4622,3291.4622,-2410.5460,3291.4622,3291.4622,
1/8/2025 10:15:00 AM,10BUR_T1L1,N,N,N,3267.2434,3267.2434,-2410.5460,3267.2434,3267.2434,
1/8/2025 10:15:00 AM,10BUR_T1L2,N,N,N,3267.2434,3267.2434,-2410.5460,3267.2434,3267.2434,
1/8/2025 10:15:00 AM,10GNPK_U01,N,N,N,3297.3532,3297.3532,-1106.0893,3297.3532,3297.3532,
1/8/2025 10:15:00 AM,10GNPK_U02,N,N,N,3297.6805,3297.6805,3614.5951,3297.6805,3297.6805,
1/8/2025 10:15:00 AM,10GNPK_U03,N,N,N,3298.0078,3298.0078,-2645.8442,3298.0078,3298.0078,
1/8/2025 10:15:00 AM,10GNPK_U04,N,N,N,3297.6805,3297.6805,-836.6228,3297.6805,3297.6805,
1/8/2025 10:15:00 AM,10IDP2_U01,N,N,N,3293.4259,3293.4259,-3196.2503,3293.4259,3293.4259,
1/8/2025 10:15:00 AM,10IDP2_U02,N,N,N,3293.4259,3293.4259,-3196.2503,3293.4259,3293.4259,
1/8/2025 10:15:00 AM,10IDP2_U03,N,N,N,3293.4259,3293.4259,-3196.2503,3293.4259,3293.4259,
1/8/2025 10:15:00 AM,10IDP2_U04,N,N,N,3293.4259,3293.4259,-3196.2503,3293.4259,3293.4259,
1/8/2025 10:15:00 AM,10IDP2_U05,N,N,N,3293.4259,3293.4259,-3196.2503,3293.4259,3293.4259,
1/8/2025 10:15:00 AM,10IDP2_U06,N,N,N,3293.4259,3293.4259,-3196.2503,3293.4259,3293.4259,
1/8/2025 10:15:00 AM,10IDP2_U07,N,N,N,3293.4259,3293.4259,-3196.2503,3293.4259,3293.4259,
1/8/2025 10:15:00 AM,10IDPP_G01,N,N,N,3293.4259,3293.4259,-3196.3422,3293.4259,3293.4259,
1/8/2025 10:15:00 AM,10IDPP_SS,N,N,N,3293.4259,3293.4259,-2410.5460,3293.4259,3293.4259,
1/8/2025 10:15:00 AM,10KAUSWGN_SS,N,N,N,3298.6624,3298.6624,-2410.5460,3298.6624,3298.6624,
1/8/2025 10:15:00 AM,10KAU_T1L1,N,N,N,3267.2434,3267.2434,-2410.5460,3267.2434,3267.2434,
1/8/2025 10:15:00 AM,10KIW_T1L1,N,N,N,3267.2434,3267.2434,-2410.5460,3267.2434,3267.2434,
1/8/2025 10:15:00 AM,10KIW_T2L1,N,N,N,3294.0804,3294.0804,-2410.5460,3294.0804,3294.0804,
1/8/2025 10:15:00 AM,10LGAIT_SS,N,N,N,3294.0804,3294.0804,-2410.5460,3294.0804,3294.0804,
1/8/2025 10:15:00 AM,10LIAN_G01,N,N,N,3267.2434,3267.2434,-4770.4593,3267.2434,3267.2434,
1/8/2025 10:15:00 AM,10MCN_T1L1,N,N,N,3275.0982,3275.0982,-2410.5460,3275.0982,3275.0982,
1/8/2025 10:15:00 AM,10MCR_T1L1,N,N,N,3275.0982,3275.0982,-2410.5460,3275.0982,3275.0982,
1/8/2025 10:15:00 AM,10MCT_T1L1,N,N,N,3267.2434,3267.2434,-2410.5460,3267.2434,3267.2434,
1/8/2025 10:15:00 AM,10MEGC_G01,N,N,N,3267.2434,3267.2434,-3178.0416,3267.2434,3267.2434,
1/8/2025 10:15:00 AM,10MLN_T1L1,N,N,N,3244.6611,3244.6611,-2410.5460,3244.6611,3244.6611,
1/8/2025 10:15:00 AM,10MPL_T1L1,N,N,N,3267.2434,3267.2434,-2410.5460,3267.2434,3267.2434,
1/8/2025 10:15:00 AM,10MRW_T1L1,N,N,N,3244.6611,3244.6611,-2410.5460,3244.6611,3244.6611,
1/8/2025 10:15:00 AM,10MRW_T2L1,N,N,N,3275.0982,3275.0982,-2410.5460,3275.0982,3275.0982,
1/8/2025 10:15:00 AM,10NUN_T1L2,N,N,N,3267.2434,3267.2434,-2410.5460,3267.2434,3267.2434,
1/8/2025 10:15:00 AM,10OPO_T1L1,N,N,N,3294.0804,3294.0804,-2410.5460,3294.0804,3294.0804,
1/8/2025 10:15:00 AM,10PAT_T1L1,N,N,N,3294.0804,3294.0804,-2410.5460,3294.0804,3294.0804,
1/8/2025 10:15:00 AM,10PGW_T1L1,N,N,N,3294.0804,3294.0804,-2410.5460,3294.0804,3294.0804,
1/8/2025 10:15:00 AM,10PLT_T1L1,N,N,N,3293.4259,3293.4259,-2410.5460,3293.4259,3293.4259,
1/8/2025 10:15:00 AM,10PLT_T2L1,N,N,N,3294.0804,3294.0804,-2410.5460,3294.0804,3294.0804,
1/8/2025 10:15:00 AM,10PPEI_U01,N,N,N,3267.2434,3267.2434,-3178.0416,3267.2434,3267.2434,
1/8/2025 10:15:00 AM,10SRZ_T1L1,N,N,N,3275.0982,3275.0982,-2410.5460,3275.0982,3275.0982,
1/8/2025 10:15:00 AM,11CDO_T1L1,N,N,N,3320.5902,3320.5902,-2410.5460,3320.5902,3320.5902,
1/8/2025 10:15:00 AM,11CRYSSUG_G01,N,N,N,3343.4998,3343.4998,-3391.2410,3343.4998,3343.4998,
1/8/2025 10:15:00 AM,11FDC_SS,N,N,N,3252.8431,3252.8431,-2410.5460,3252.8431,3252.8431,
1/8/2025 10:15:00 AM,11FDC_U01,N,N,N,3251.8612,3251.8612,-1479.1007,3251.8612,3251.8612,
1/8/2025 10:15:00 AM,11FDC_U02,N,N,N,3251.8612,3251.8612,-1248.2452,3251.8612,3251.8612,
1/8/2025 10:15:00 AM,11FDC_U03,N,N,N,3250.5521,3250.5521,-7211.7651,3250.5521,3250.5521,
1/8/2025 10:15:00 AM,11FGBPC_G01,N,N,N,3280.0074,3280.0074,-4306.4649,3280.0074,3280.0074,
1/8/2025 10:15:00 AM,11JASAAN_SS,N,N,N,3292.4440,3292.4440,-2410.5460,3292.4440,3292.4440,
1/8/2025 10:15:00 AM,11JASA_BAT,N,N,N,3280.0074,3280.0074,-8338.5474,3280.0074,3280.0074,
1/8/2025 10:15:00 AM,11KBSOL_G01,N,N,N,3368.7004,3368.7004,-2862.3522,3368.7004,3368.7004,
1/8/2025 10:15:00 AM,11KEGMAR_G01,N,N,N,3343.4998,3343.4998,-3391.2410,3343.4998,3343.4998,
1/8/2025 10:15:00 AM,11KIBAWE_SS,N,N,N,3368.7004,3368.7004,-2410.5460,3368.7004,3368.7004,
1/8/2025 10:15:00 AM,11KIB_T1L1,N,N,N,3343.4998,3343.4998,-2410.5460,3343.4998,3343.4998,
1/8/2025 10:15:00 AM,11KIB_T1L2,N,N,N,3343.4998,3343.4998,-2410.5460,3343.4998,3343.4998,
1/8/2025 10:15:00 AM,11KIRAS_G01,N,N,N,3280.0074,3280.0074,-2080.4968,3280.0074,3280.0074,
1/8/2025 10:15:00 AM,11KNG_T1L1,N,N,N,3280.0074,3280.0074,-2410.5460,3280.0074,3280.0074,
1/8/2025 10:15:00 AM,11LBA_T1L1,N,N,N,3292.4440,3292.4440,-2410.5460,3292.4440,3292.4440,
1/8/2025 10:15:00 AM,11LUN_T1L1,N,N,N,3280.0074,3280.0074,-2410.5460,3280.0074,3280.0074,
1/8/2025 10:15:00 AM,11MAN1_S01,N,N,N,3273.4618,3273.4618,-2410.5460,3273.4618,3273.4618,
1/8/2025 10:15:00 AM,11MAN2_S01,N,N,N,3273.4618,3273.4618,-2410.5460,3273.4618,3273.4618,
1/8/2025 10:15:00 AM,11MANFOR_G01,N,N,N,3273.4618,3273.4618,-1680.3517,3273.4618,3273.4618,
1/8/2025 10:15:00 AM,11MANFOR_G02,N,N,N,3273.4618,3273.4618,-2635.6214,3273.4618,3273.4618,
1/8/2025 10:15:00 AM,11MANOLO_SS,N,N,N,3273.7890,3273.7890,-2410.5460,3273.7890,3273.7890,
1/8/2025 10:15:00 AM,11MARAM_SS,N,N,N,3342.1907,3342.1907,-2410.5460,3342.1907,3342.1907,
1/8/2025 10:15:00 AM,11MINBAL_G01,N,N,N,3280.0074,3280.0074,-1839.7749,3280.0074,3280.0074,
1/8/2025 10:15:00 AM,11MINBU_G01,N,N,N,3280.0074,3280.0074,-5760.8631,3280.0074,3280.0074,
1/8/2025 10:15:00 AM,11MLY_T1L1,N,N,N,3343.4998,3343.4998,-2410.5460,3343.4998,3343.4998,
1/8/2025 10:15:00 AM,11MNCBLG_G01,N,N,N,3280.0074,3280.0074,-3803.7080,3280.0074,3280.0074,
1/8/2025 10:15:00 AM,11MNRGY_G01,N,N,N,3280.0074,3280.0074,-3234.3123,3280.0074,3280.0074,
1/8/2025 10:15:00 AM,11MNRGY_G02,N,N,N,3280.0074,3280.0074,-3234.3123,3280.0074,3280.0074,
1/8/2025 10:15:00 AM,11MOR_T1L1,N,N,N,3320.5902,3320.5902,-2410.5460,3320.5902,3320.5902,
1/8/2025 10:15:00 AM,11NAT_T1L1,N,N,N,3280.0074,3280.0074,-2410.5460,3280.0074,3280.0074,
1/8/2025 10:15:00 AM,11NAT_T2L1,N,N,N,3280.0074,3280.0074,-2410.5460,3280.0074,3280.0074,
1/8/2025 10:15:00 AM,11NBPC_G01,N,N,N,3343.4998,3343.4998,3756.8846,3343.4998,3343.4998,
1/8/2025 10:15:00 AM,11OPOL_SS,N,N,N,3319.6083,3319.6083,-2410.5460,3319.6083,3319.6083,
1/8/2025 10:15:00 AM,11OPO_T1L1,N,N,N,3320.5902,3320.5902,-2410.5460,3320.5902,3320.5902,
1/8/2025 10:15:00 AM,11PACERM_G01,N,N,N,3320.5902,3320.5902,-3232.2362,3320.5902,3320.5902,
1/8/2025 10:15:00 AM,11PAL_T1L1,N,N,N,3368.7004,3368.7004,-2410.5460,3368.7004,3368.7004,
1/8/2025 10:15:00 AM,11PG4_T1L1,N,N,N,3343.4998,3343.4998,-2410.5460,3343.4998,3343.4998,
1/8/2025 10:15:00 AM,11PKBUK_G01,N,N,N,3280.0074,3280.0074,-3234.3123,3280.0074,3280.0074,
1/8/2025 10:15:00 AM,11PKBUK_U01,N,N,N,3280.0074,3280.0074,-3234.3123,3280.0074,3280.0074,
1/8/2025 10:15:00 AM,11PKBUK_U02,N,N,N,3280.0074,3280.0074,-3234.3123,3280.0074,3280.0074,
1/8/2025 10:15:00 AM,11PULA4_U01,N,N,N,3342.5180,3342.5180,-785.5716,3342.5180,3342.5180,
1/8/2025 10:15:00 AM,11PULA4_U02,N,N,N,3342.8453,3342.8453,-2427.1332,3342.8453,3342.8453,
1/8/2025 10:15:00 AM,11PULA4_U03,N,N,N,3342.8453,3342.8453,-1951.4159,3342.8453,3342.8453,
1/8/2025 10:15:00 AM,11SME_T1L1,N,N,N,3272.8072,3272.8072,-2410.5460,3272.8072,3272.8072,
1/8/2025 10:15:00 AM,11SMH_T1L1,N,N,N,3272.8072,3272.8072,-2410.5460,3272.8072,3272.8072,
1/8/2025 10:15:00 AM,11STEAG_U01,N,N,N,3270.5162,3270.5162,-1400.3037,3270.5162,3270.5162,
1/8/2025 10:15:00 AM,11STEAG_U02,N,N,N,3270.5162,3270.5162,-3862.0922,3270.5162,3270.5162,
1/8/2025 10:15:00 AM,11TAGOL_SS,N,N,N,3272.8072,3272.8072,-2410.5460,3272.8072,3272.8072,
1/8/2025 10:15:00 AM,11VILLA_BAT,N,N,N,3273.4618,3273.4618,3674.8935,3273.4618,3273.4618,
1/8/2025 10:15:00 AM,11VILLA_L01,N,N,N,3273.4618,3273.4618,-2410.5460,3273.4618,3273.4618,
1/8/2025 10:15:00 AM,11VILLA_SS,N,N,N,3287.8621,3287.8621,-2410.5460,3287.8621,3287.8621,
1/8/2025 10:15:00 AM,12ALE_T1L1,N,N,N,3683.2172,3683.2172,-2410.5460,3683.2172,3683.2172,
1/8/2025 10:15:00 AM,12ASIGA_G01,N,N,N,3577.8328,3577.8328,-2411.9290,3577.8328,3577.8328,
1/8/2025 10:15:00 AM,12BAG_T1L1,N,N,N,3659.6530,3659.6530,-2410.5460,3659.6530,3659.6530,
1/8/2025 10:15:00 AM,12BISLIG_SS,N,N,N,3659.9803,3659.9803,-2410.5460,3659.9803,3659.9803,
1/8/2025 10:15:00 AM,12BUTUAN_SS,N,N,N,3577.8328,3577.8328,-2410.5460,3577.8328,3577.8328,
1/8/2025 10:15:00 AM,12BUT_T2L1,N,N,N,3533.3226,3533.3226,-2410.5460,3533.3226,3533.3226,
1/8/2025 10:15:00 AM,12BYG_T1L1,N,N,N,3577.8328,3577.8328,-2410.5460,3577.8328,3577.8328,
1/8/2025 10:15:00 AM,12KEGGIN_G01,N,N,N,3533.3226,3533.3226,-3344.0503,3533.3226,3533.3226,
1/8/2025 10:15:00 AM,12KEGTAN_G01,N,N,N,3683.2172,3683.2172,-3439.7274,3683.2172,3683.2172,
1/8/2025 10:15:00 AM,12LKMAINIT_G01,N,N,N,3577.8328,3577.8328,-3487.9503,3577.8328,3577.8328,
1/8/2025 10:15:00 AM,12LMO_T1L1,N,N,N,3577.8328,3577.8328,-2410.5460,3577.8328,3577.8328,
1/8/2025 10:15:00 AM,12MAD_T1L1,N,N,N,3656.0529,3656.0529,-2410.5460,3656.0529,3656.0529,
1/8/2025 10:15:00 AM,12NACSUR_G01,N,N,N,3656.0529,3656.0529,-3397.4434,3656.0529,3656.0529,
1/8/2025 10:15:00 AM,12NASIP_SS,N,N,N,3532.9954,3532.9954,-2410.5460,3532.9954,3532.9954,
1/8/2025 10:15:00 AM,12NAS_T1L1,N,N,N,3577.8328,3577.8328,-2410.5460,3577.8328,3577.8328,
1/8/2025 10:15:00 AM,12PBA_T1L1,N,N,N,3659.6530,3659.6530,-2410.5460,3659.6530,3659.6530,
1/8/2025 10:15:00 AM,12PKSFRA_U01,N,N,N,3683.2172,3683.2172,-3439.7274,3683.2172,3683.2172,
1/8/2025 10:15:00 AM,12PKSFRA_U02,N,N,N,3683.2172,3683.2172,-3439.7274,3683.2172,3683.2172,
1/8/2025 10:15:00 AM,12PLACER_SS,N,N,N,3656.0529,3656.0529,-2410.5460,3656.0529,3656.0529,
1/8/2025 10:15:00 AM,12SFRAN_SS,N,N,N,3683.5445,3683.5445,-2410.5460,3683.5445,3683.5445,
1/8/2025 10:15:00 AM,12SLU_T1L1,N,N,N,3533.3226,3533.3226,-2410.5460,3533.3226,3533.3226,
1/8/2025 10:15:00 AM,12SNT_T1L1,N,N,N,3577.8328,3577.8328,-2410.5460,3577.8328,3577.8328,
1/8/2025 10:15:00 AM,12STCRUZ_L01,N,N,N,3656.0529,3656.0529,-2410.5460,3656.0529,3656.0529,
1/8/2025 10:15:00 AM,12SUR_T1L1,N,N,N,3656.0529,3656.0529,-2410.5460,3656.0529,3656.0529,
1/8/2025 10:15:00 AM,12TBD_T1L1,N,N,N,3272.8072,3272.8072,-2410.5460,3272.8072,3272.8072,
1/8/2025 10:15:00 AM,12TBO_T1L1,N,N,N,3659.6530,3659.6530,-2410.5460,3659.6530,3659.6530,
1/8/2025 10:15:00 AM,12TDG_T1L1,N,N,N,3683.2172,3683.2172,-2410.5460,3683.2172,3683.2172,
1/8/2025 10:15:00 AM,12THERMA2_SS,N,N,N,3532.9954,3532.9954,-2410.5460,3532.9954,3532.9954,
1/8/2025 10:15:00 AM,12TM2_U01,N,N,N,3532.9954,3532.9954,-3344.2129,3532.9954,3532.9954,
1/8/2025 10:15:00 AM,12TM2_U02,N,N,N,3532.9954,3532.9954,-3344.2129,3532.9954,3532.9954,
1/8/2025 10:15:00 AM,12TRE_T1L1,N,N,N,3659.6530,3659.6530,-2410.5460,3659.6530,3659.6530,
1/8/2025 10:15:00 AM,13ASU_T1L1,N,N,N,3557.5414,3557.5414,-2410.5460,3557.5414,3557.5414,
1/8/2025 10:15:00 AM,13BAJ_T1L1,N,N,N,3408.6287,3408.6287,-2410.5460,3408.6287,3408.6287,
1/8/2025 10:15:00 AM,13BNS_T1L1,N,N,N,3352.3364,3352.3364,-2410.5460,3352.3364,3352.3364,
1/8/2025 10:15:00 AM,13BNY_T1L1,N,N,N,3541.8319,3541.8319,-2410.5460,3541.8319,3541.8319,
1/8/2025 10:15:00 AM,13BUNAW_SS,N,N,N,3361.8275,3361.8275,-2410.5460,3361.8275,3361.8275,
1/8/2025 10:15:00 AM,13CULAMAN_SS,N,N,N,3147.7860,3147.7860,-2410.5460,3147.7860,3147.7860,
1/8/2025 10:15:00 AM,13DAVAO_SS,N,N,N,3408.6287,3408.6287,-2410.5460,3408.6287,3408.6287,
1/8/2025 10:15:00 AM,13DAV_T1L1,N,N,N,3346.4454,3346.4454,-2410.5460,3346.4454,3346.4454,
1/8/2025 10:15:00 AM,13DCPP_U01,N,N,N,3344.8090,3344.8090,-1288.3919,3344.8090,3344.8090,
1/8/2025 10:15:00 AM,13DCPP_U02,N,N,N,3344.8090,3344.8090,-1277.1285,3344.8090,3344.8090,
1/8/2025 10:15:00 AM,13DIGSOL_G01,N,N,N,3352.3364,3352.3364,-1817.4109,3352.3364,3352.3364,
1/8/2025 10:15:00 AM,13DIG_T1L1,N,N,N,3409.6105,3409.6105,-2410.5460,3409.6105,3409.6105,
1/8/2025 10:15:00 AM,13DIG_T2L1,N,N,N,3352.3364,3352.3364,-2410.5460,3352.3364,3352.3364,
1/8/2025 10:15:00 AM,13DIG_T3L1,N,N,N,3346.4454,3346.4454,-2410.5460,3346.4454,3346.4454,
1/8/2025 10:15:00 AM,13DLP_T1L1,N,N,N,3409.6105,3409.6105,-2410.5460,3409.6105,3409.6105,
1/8/2025 10:15:00 AM,13DLP_T1L2,N,N,N,3409.6105,3409.6105,-2410.5460,3409.6105,3409.6105,
1/8/2025 10:15:00 AM,13DLP_T1L3,N,N,N,3409.6105,3409.6105,-2410.5460,3409.6105,3409.6105,
1/8/2025 10:15:00 AM,13DLP_T2L1,N,N,N,3386.7009,3386.7009,-2410.5460,3386.7009,3386.7009,
1/8/2025 10:15:00 AM,13DRA_T1L1,N,N,N,3385.7190,3385.7190,-2410.5460,3385.7190,3385.7190,
1/8/2025 10:15:00 AM,13DRA_T1L2,N,N,N,3385.7190,3385.7190,-2410.5460,3385.7190,3385.7190,
1/8/2025 10:15:00 AM,13DSP_T1L1,N,N,N,3352.3364,3352.3364,-2410.5460,3352.3364,3352.3364,
1/8/2025 10:15:00 AM,13DSR_T1L1,N,N,N,3149.0951,3149.0951,-2410.5460,3149.0951,3149.0951,
1/8/2025 10:15:00 AM,13EUROH_G01,N,N,N,3557.5414,3557.5414,-3449.5008,3557.5414,3557.5414,
1/8/2025 10:15:00 AM,13MACO_BAT,N,N,N,3541.8319,3541.8319,-8087.6547,3541.8319,3541.8319,
1/8/2025 10:15:00 AM,13MACO_SS,N,N,N,3541.5047,3541.5047,-2410.5460,3541.5047,3541.5047,
1/8/2025 10:15:00 AM,13MAGDBNK_G01,N,N,N,3541.8319,3541.8319,-3456.0111,3541.8319,3541.8319,
1/8/2025 10:15:00 AM,13MAGDBNK_U01,N,N,N,3541.8319,3541.8319,-3456.0111,3541.8319,3541.8319,
1/8/2025 10:15:00 AM,13MAGDBNK_U02,N,N,N,3541.8319,3541.8319,-3456.0111,3541.8319,3541.8319,
1/8/2025 10:15:00 AM,13MAGDBNK_U03,N,N,N,3541.8319,3541.8319,-3456.0111,3541.8319,3541.8319,
1/8/2025 10:15:00 AM,13MALITA_BAT,N,N,N,3149.0951,3149.0951,-7232.5063,3149.0951,3149.0951,
1/8/2025 10:15:00 AM,13MATAN_SS,N,N,N,3194.2598,3194.2598,-2410.5460,3194.2598,3194.2598,
1/8/2025 10:15:00 AM,13MATIBNK_G01,N,N,N,3541.8319,3541.8319,-964.1139,3541.8319,3541.8319,
1/8/2025 10:15:00 AM,13MON_T1L1,N,N,N,3557.5414,3557.5414,-2410.5460,3557.5414,3557.5414,
1/8/2025 10:15:00 AM,13MPCDIG_G01,N,N,N,3352.3364,3352.3364,-3458.1644,3352.3364,3352.3364,
1/8/2025 10:15:00 AM,13MSR_T1L1,N,N,N,3557.5414,3557.5414,-2410.5460,3557.5414,3557.5414,
1/8/2025 10:15:00 AM,13NABUN_SS,N,N,N,3557.5414,3557.5414,-2410.5460,3557.5414,3557.5414,
1/8/2025 10:15:00 AM,13PMA_T1L1,N,N,N,3352.3364,3352.3364,-2410.5460,3352.3364,3352.3364,
1/8/2025 10:15:00 AM,13SIBULAN_G01,N,N,N,3408.6287,3408.6287,-2885.6129,3408.6287,3408.6287,
1/8/2025 10:15:00 AM,13SMC_U01,N,N,N,3135.6766,3135.6766,-818.3951,3135.6766,3135.6766,
1/8/2025 10:15:00 AM,13SMC_U02,N,N,N,3120.6217,3120.6217,-3231.7346,3120.6217,3120.6217,
1/8/2025 10:15:00 AM,13TALOM1_G01,N,N,N,3409.6105,3409.6105,-2786.3629,3409.6105,3409.6105,
1/8/2025 10:15:00 AM,13TALOM23_G01,N,N,N,3408.6287,3408.6287,-3203.6023,3408.6287,3408.6287,
1/8/2025 10:15:00 AM,13TGM_T1L1,N,N,N,3541.8319,3541.8319,-2410.5460,3541.8319,3541.8319,
1/8/2025 10:15:00 AM,13THERMA1_SS,N,N,N,3541.5047,3541.5047,-2410.5460,3541.5047,3541.5047,
1/8/2025 10:15:00 AM,13TM1_U01,N,N,N,3541.5047,3541.5047,-3456.4082,3541.5047,3541.5047,
1/8/2025 10:15:00 AM,13TM1_U02,N,N,N,3541.5047,3541.5047,-3456.4082,3541.5047,3541.5047,
1/8/2025 10:15:00 AM,13TORIL_SS,N,N,N,3356.9183,3356.9183,-2410.5460,3356.9183,3356.9183,
1/8/2025 10:15:00 AM,13TUDAY2_G01,N,N,N,3409.6105,3409.6105,-3406.2849,3409.6105,3409.6105,
1/8/2025 10:15:00 AM,14ALMADA_G01,N,N,N,3626.5977,3626.5977,-3500.6419,3626.5977,3626.5977,
1/8/2025 10:15:00 AM,14ASTROSOL_G01,N,N,N,3367.7186,3367.7186,-2606.3741,3367.7186,3367.7186,
1/8/2025 10:15:00 AM,14BGN_T1L1,N,N,N,3318.2992,3318.2992,-2410.5460,3318.2992,3318.2992,
1/8/2025 10:15:00 AM,14BGN_T2L1,N,N,N,3469.5029,3469.5029,-2410.5460,3469.5029,3469.5029,
1/8/2025 10:15:00 AM,14BIOGS_G01,N,N,N,3469.5029,3469.5029,3890.7176,3469.5029,3469.5029,
1/8/2025 10:15:00 AM,14BIOMS_U01,N,N,N,3469.5029,3469.5029,-3560.3378,3469.5029,3469.5029,
1/8/2025 10:15:00 AM,14COTSUGR_G01,N,N,N,3318.2992,3318.2992,-687.4810,3318.2992,3318.2992,
1/8/2025 10:15:00 AM,14DSA_T1L1,N,N,N,3626.5977,3626.5977,-2410.5460,3626.5977,3626.5977,
1/8/2025 10:15:00 AM,14DSA_T2L1,N,N,N,3469.5029,3469.5029,-2410.5460,3469.5029,3469.5029,
1/8/2025 10:15:00 AM,14GENSAN_SS,N,N,N,3367.7186,3367.7186,-2410.5460,3367.7186,3367.7186,
1/8/2025 10:15:00 AM,14GERBIO_G01,N,N,N,3469.5029,3469.5029,-3560.3378,3469.5029,3469.5029,
1/8/2025 10:15:00 AM,14GLA_T1L1,N,N,N,3367.7186,3367.7186,-2410.5460,3367.7186,3367.7186,
1/8/2025 10:15:00 AM,14KAMANGA_SS,N,N,N,3276.7346,3276.7346,-2410.5460,3276.7346,3276.7346,
1/8/2025 10:15:00 AM,14KAM_L03,N,N,N,3367.7186,3367.7186,-2410.5460,3367.7186,3367.7186,
1/8/2025 10:15:00 AM,14KIDAP_SS,N,N,N,3317.3174,3317.3174,-2410.5460,3317.3174,3317.3174,
1/8/2025 10:15:00 AM,14KLN_T1L1,N,N,N,3469.5029,3469.5029,-2410.5460,3469.5029,3469.5029,
1/8/2025 10:15:00 AM,14LAMSAN_G01,N,N,N,3626.5977,3626.5977,-3944.2241,3626.5977,3626.5977,
1/8/2025 10:15:00 AM,14LLE_T1L1,N,N,N,3367.7186,3367.7186,-2410.5460,3367.7186,3367.7186,
1/8/2025 10:15:00 AM,14MARBEL_U01,N,N,N,3469.5029,3469.5029,-10188.6261,3469.5029,3469.5029,
1/8/2025 10:15:00 AM,14MID_T1L1,N,N,N,3626.5977,3626.5977,-2410.5460,3626.5977,3626.5977,
1/8/2025 10:15:00 AM,14MTAPO_U01,N,N,N,3316.6628,3316.6628,-2050.9679,3316.6628,3316.6628,
1/8/2025 10:15:00 AM,14MTAPO_U02,N,N,N,3316.6628,3316.6628,-2168.2665,3316.6628,3316.6628,
1/8/2025 10:15:00 AM,14MTAPO_U03,N,N,N,3318.2992,3318.2992,-3408.3790,3318.2992,3318.2992,
1/8/2025 10:15:00 AM,14NVSOL_G01,N,N,N,3469.5029,3469.5029,3727.3938,3469.5029,3469.5029,
1/8/2025 10:15:00 AM,14PKPSOC_G01,N,N,N,3367.7186,3367.7186,-3550.8908,3367.7186,3367.7186,
1/8/2025 10:15:00 AM,14PTU_T1L1,N,N,N,3367.7186,3367.7186,-2410.5460,3367.7186,3367.7186,
1/8/2025 10:15:00 AM,14SARANG_U01,N,N,N,3367.7186,3367.7186,-885.4591,3367.7186,3367.7186,
1/8/2025 10:15:00 AM,14SARANG_U02,N,N,N,3276.08,3276.08,-1632.54,3276.08,3276.08,
1/8/2025 10:15:00 AM,14SIGHYDRO_G01,N,N,N,3367.7186,3367.7186,-3640.4596,3367.7186,3367.7186,
1/8/2025 10:15:00 AM,14SKU_T1L1,N,N,N,3626.5977,3626.5977,-2410.5460,3626.5977,3626.5977,
1/8/2025 10:15:00 AM,14SMY_T1L1,N,N,N,3626.5977,3626.5977,-2410.5460,3626.5977,3626.5977,
1/8/2025 10:15:00 AM,14SPGI_U01,N,N,N,3469.5029,3469.5029,-5772.2725,3469.5029,3469.5029,
1/8/2025 10:15:00 AM,14SRL_T1L1,N,N,N,3469.5029,3469.5029,-2410.5460,3469.5029,3469.5029,
1/8/2025 10:15:00 AM,14SULTAN_SS,N,N,N,3619.7248,3619.7248,-2410.5460,3619.7248,3619.7248,
1/8/2025 10:15:00 AM,14SUPKOR_G01,N,N,N,3469.5029,3469.5029,3890.7176,3469.5029,3469.5029,
1/8/2025 10:15:00 AM,14TACSUR_L02,N,N,N,3469.5029,3469.5029,-2410.5460,3469.5029,3469.5029,
1/8/2025 10:15:00 AM,14TACUR_SS,N,N,N,3469.5029,3469.5029,-2410.5460,3469.5029,3469.5029,
1/8/2025 10:15:00 AM,14TIN_T1L1,N,N,N,3367.7186,3367.7186,-2410.5460,3367.7186,3367.7186,
1/8/2025 10:15:00 AM,14TIN_T1L2,N,N,N,3367.7186,3367.7186,-2410.5460,3367.7186,3367.7186,
EOF
