TIME_INTERVAL,RESOURCE_NAME,AP_FLAG,SEC_FLAG,PSM_FLAG,DIPC_PRICE,RTD_PRICE,ADMIN_PRICE,SEC_PRICE,PSM_PRICE,
8/16/2024 5:35:00 AM,01ACNPC_G01,N,N,N,4244.3998,4244.3998,4645.3382,4244.3998,4244.3998,
8/16/2024 5:35:00 AM,01AEC_L01,N,N,N,4241.8603,4241.8603,4755.3369,4241.8603,4241.8603,
8/16/2024 5:35:00 AM,01AMBUK_SS,N,N,N,4222.8138,4222.8138,4755.3369,4222.8138,4222.8138,
8/16/2024 5:35:00 AM,01AMBUK_T1L1,N,N,N,4222.8138,4222.8138,4755.3369,4222.8138,4222.8138,
8/16/2024 5:35:00 AM,01AMBUK_U01,N,N,N,4222.8138,4222.8138,4432.1943,4222.8138,4222.8138,
8/16/2024 5:35:00 AM,01AMBUK_U02,N,N,N,4222.8138,4222.8138,2930.9726,4222.8138,4222.8138,
8/16/2024 5:35:00 AM,01AMBUK_U03,N,N,N,4222.3906,4222.3906,4422.8032,4222.3906,4222.3906,
8/16/2024 5:35:00 AM,01AMPHAW_G01,N,N,N,4223.6603,4223.6603,4834.2759,4223.6603,4223.6603,
8/16/2024 5:35:00 AM,01ANDA_G01,N,N,N,4241.8603,4241.8603,5192.8269,4241.8603,4241.8603,
8/16/2024 5:35:00 AM,01ANGAT_A,N,N,N,4220.6976,4220.6976,4722.5989,4220.6976,4220.6976,
8/16/2024 5:35:00 AM,01ANGAT_M,N,N,N,4226.6231,4226.6231,4784.9111,4226.6231,4226.6231,
8/16/2024 5:35:00 AM,01ANGAT_SS,N,N,N,4224.5069,4224.5069,4755.3369,4224.5069,4224.5069,
8/16/2024 5:35:00 AM,01ANGAT_T5L1,N,N,N,4232.5487,4232.5487,4755.3369,4232.5487,4232.5487,
8/16/2024 5:35:00 AM,01APEC_G01,N,N,N,4241.8603,4241.8603,5346.8967,4241.8603,4241.8603,
8/16/2024 5:35:00 AM,01ARAYSOL_G01,N,N,N,4241.8603,4241.8603,4807.7841,4241.8603,4241.8603,
8/16/2024 5:35:00 AM,01ARAYSOL_G02,N,N,N,4241.8603,4241.8603,4807.7841,4241.8603,4241.8603,
8/16/2024 5:35:00 AM,01ARMSOL_G01,N,N,N,4244.3998,4244.3998,4811.6197,4244.3998,4244.3998,
8/16/2024 5:35:00 AM,01BAKSIP_G01,N,N,N,4223.6603,4223.6603,5104.2689,4223.6603,4223.6603,
8/16/2024 5:35:00 AM,01BAKUN_G01,N,N,N,4199.1116,4199.1116,4500.7348,4199.1116,4199.1116,
8/16/2024 5:35:00 AM,01BAKUN_SS,N,N,N,4199.1116,4199.1116,4755.3369,4199.1116,4199.1116,
8/16/2024 5:35:00 AM,01BALNEO_L01,N,N,N,4179.2186,4179.2186,4755.3369,4179.2186,4179.2186,
8/16/2024 5:35:00 AM,01BALNEO_L02,N,N,N,4179.2186,4179.2186,4755.3369,4179.2186,4179.2186,
8/16/2024 5:35:00 AM,01BALNEO_SS,N,N,N,4169.4837,4169.4837,4755.3369,4169.4837,4169.4837,
8/16/2024 5:35:00 AM,01BALSIK_SS,N,N,N,4112.3443,4112.3443,4755.3369,4112.3443,4112.3443,
8/16/2024 5:35:00 AM,01BALWIND_G01,N,N,N,4117.0001,4117.0001,4398.8645,4117.0001,4117.0001,
8/16/2024 5:35:00 AM,01BANTAY_SS,N,N,N,4268.5254,4268.5254,4755.3369,4268.5254,4268.5254,
8/16/2024 5:35:00 AM,01BATAAN_SS,N,N,N,4010.3399,4010.3399,4755.3369,4010.3399,4010.3399,
8/16/2024 5:35:00 AM,01BAUANG_GS1,N,N,N,4210.1162,4210.1162,4781.8201,4210.1162,4210.1162,
8/16/2024 5:35:00 AM,01BAUANG_GS2,N,N,N,4210.1162,4210.1162,4781.9701,4210.1162,4210.1162,
8/16/2024 5:35:00 AM,01BAUANG_GS3,N,N,N,4210.1162,4210.1162,4781.9701,4210.1162,4210.1162,
8/16/2024 5:35:00 AM,01BAUANG_SS,N,N,N,4215.6185,4215.6185,4755.3369,4215.6185,4215.6185,
8/16/2024 5:35:00 AM,01BAUAN_T1L1,N,N,N,4216.4650,4216.4650,4755.3369,4216.4650,4216.4650,
8/16/2024 5:35:00 AM,01BAUAN_T1L2,N,N,N,4216.4650,4216.4650,4755.3369,4216.4650,4216.4650,
8/16/2024 5:35:00 AM,01BAUAN_T1L3,N,N,N,4216.4650,4216.4650,4755.3369,4216.4650,4216.4650,
8/16/2024 5:35:00 AM,01BAUAN_T2L1,N,N,N,4216.4650,4216.4650,4755.3369,4216.4650,4216.4650,
8/16/2024 5:35:00 AM,01BAUAN_T2L2,N,N,N,4216.0418,4216.0418,4755.3369,4216.0418,4216.0418,
8/16/2024 5:35:00 AM,01BCNOT_SS,N,N,N,4224.9301,4224.9301,4755.3369,4224.9301,4224.9301,
8/16/2024 5:35:00 AM,01BCNOT_T1L1,N,N,N,4224.9301,4224.9301,4755.3369,4224.9301,4224.9301,
8/16/2024 5:35:00 AM,01BCNOT_T1L2,N,N,N,4224.9301,4224.9301,4755.3369,4224.9301,4224.9301,
8/16/2024 5:35:00 AM,01BINENG_G01,N,N,N,4223.6603,4223.6603,3890.4922,4223.6603,4223.6603,
8/16/2024 5:35:00 AM,01BINGA_SS,N,N,N,4212.6557,4212.6557,4755.3369,4212.6557,4212.6557,
8/16/2024 5:35:00 AM,01BINGA_T1L1,N,N,N,4213.0790,4213.0790,4755.3369,4213.0790,4213.0790,
8/16/2024 5:35:00 AM,01BINGA_U01,N,N,N,4211.3860,4211.3860,4345.5865,4211.3860,4211.3860,
8/16/2024 5:35:00 AM,01BINGA_U02,N,N,N,4211.3860,4211.3860,4739.8983,4211.3860,4211.3860,
8/16/2024 5:35:00 AM,01BINGA_U03,N,N,N,4211.3860,4211.3860,4364.6852,4211.3860,4211.3860,
8/16/2024 5:35:00 AM,01BINGA_U04,N,N,N,4211.3860,4211.3860,4029.5844,4211.3860,4211.3860,
8/16/2024 5:35:00 AM,01BNTAY_T1L1,N,N,N,4268.1021,4268.1021,4755.3369,4268.1021,4268.1021,
8/16/2024 5:35:00 AM,01BNTAY_T1L2,N,N,N,4268.1021,4268.1021,4755.3369,4268.1021,4268.1021,
8/16/2024 5:35:00 AM,01BNTAY_T1L3,N,N,N,4268.1021,4268.1021,4755.3369,4268.1021,4268.1021,
8/16/2024 5:35:00 AM,01BOSUNG_G01,N,N,N,4212.2325,4212.2325,4768.6690,4212.2325,4212.2325,
8/16/2024 5:35:00 AM,01BOTOLAN_SS,N,N,N,4148.7442,4148.7442,4755.3369,4148.7442,4148.7442,
8/16/2024 5:35:00 AM,01BOTOL_T1L1,N,N,N,4155.0931,4155.0931,4755.3369,4155.0931,4155.0931,
8/16/2024 5:35:00 AM,01BOTOL_T1L2,N,N,N,4155.0931,4155.0931,4755.3369,4155.0931,4155.0931,
8/16/2024 5:35:00 AM,01BPC_T1L1,N,N,N,4010.7631,4010.7631,4755.3369,4010.7631,4010.7631,
8/16/2024 5:35:00 AM,01BPC_T2L2,N,N,N,4010.7631,4010.7631,4755.3369,4010.7631,4010.7631,
8/16/2024 5:35:00 AM,01BPPC_SS,N,N,N,4210.1162,4210.1162,4755.3369,4210.1162,4210.1162,
8/16/2024 5:35:00 AM,01BT2020_G01,N,N,N,4104.3025,4104.3025,4958.9418,4104.3025,4104.3025,
8/16/2024 5:35:00 AM,01BT2020_G02,N,N,N,4104.3025,4104.3025,4672.2641,4104.3025,4104.3025,
8/16/2024 5:35:00 AM,01BTNSOL_G01,N,N,N,4012.0329,4012.0329,4581.5854,4012.0329,4012.0329,
8/16/2024 5:35:00 AM,01BTPP_T3L1,N,N,N,4012.0329,4012.0329,4755.3369,4012.0329,4012.0329,
8/16/2024 5:35:00 AM,01BTPP_T3L2,N,N,N,4012.0329,4012.0329,4755.3369,4012.0329,4012.0329,
8/16/2024 5:35:00 AM,01BTPP_T3L3,N,N,N,4012.0329,4012.0329,4755.3369,4012.0329,4012.0329,
8/16/2024 5:35:00 AM,01BTPP_T3L4,N,N,N,4012.0329,4012.0329,4755.3369,4012.0329,4012.0329,
8/16/2024 5:35:00 AM,01BTPP_T3L5,N,N,N,4012.0329,4012.0329,4755.3369,4012.0329,4012.0329,
8/16/2024 5:35:00 AM,01BTPP_T4L1,N,N,N,4232.5487,4232.5487,4755.3369,4232.5487,4232.5487,
8/16/2024 5:35:00 AM,01BTSOLEN_BAT,N,N,N,4012.0329,4012.0329,4581.5854,4012.0329,4012.0329,
8/16/2024 5:35:00 AM,01BTSOLEN_G01,N,N,N,4012.0329,4012.0329,4581.5854,4012.0329,4012.0329,
8/16/2024 5:35:00 AM,01BULSOL_G01,N,N,N,4268.5254,4268.5254,6065.3530,4268.5254,4268.5254,
8/16/2024 5:35:00 AM,01BURGOS_G01,N,N,N,4182.1814,4182.1814,3812.3929,4182.1814,4182.1814,
8/16/2024 5:35:00 AM,01BURGOS_G02,N,N,N,4212.2325,4212.2325,6211.7373,4212.2325,4212.2325,
8/16/2024 5:35:00 AM,01BURGOS_G03,N,N,N,4212.2325,4212.2325,4768.6690,4212.2325,4212.2325,
8/16/2024 5:35:00 AM,01BURGOS_SS,N,N,N,4182.1814,4182.1814,4755.3369,4182.1814,4182.1814,
8/16/2024 5:35:00 AM,01BUTAO_G01,N,N,N,4213.0790,4213.0790,5072.4217,4213.0790,4213.0790,
8/16/2024 5:35:00 AM,01BYOMB_DID,N,N,N,4284.1858,4284.1858,4755.3369,4284.1858,4284.1858,
8/16/2024 5:35:00 AM,01BYOMB_SS,N,N,N,4283.3393,4283.3393,4755.3369,4283.3393,4283.3393,
8/16/2024 5:35:00 AM,01BYOMB_T1L1,N,N,N,4286.7253,4286.7253,4755.3369,4286.7253,4286.7253,
8/16/2024 5:35:00 AM,01BYOMB_T1L2,N,N,N,4284.1858,4284.1858,4755.3369,4284.1858,4284.1858,
8/16/2024 5:35:00 AM,01BYOMB_T1L3,N,N,N,4286.7253,4286.7253,4755.3369,4286.7253,4286.7253,
8/16/2024 5:35:00 AM,01CABSOL_G01,N,N,N,4304.0788,4304.0788,4867.6473,4304.0788,4304.0788,
8/16/2024 5:35:00 AM,01CAGBIO_G01,N,N,N,4383.6507,4383.6507,4998.0303,4383.6507,4383.6507,
8/16/2024 5:35:00 AM,01CAGYSOL_G01,N,N,N,4434.0180,4434.0180,6421.0984,4434.0180,4434.0180,
8/16/2024 5:35:00 AM,01CALIBUNK_G01,N,N,N,4241.8603,4241.8603,4807.7841,4241.8603,4241.8603,
8/16/2024 5:35:00 AM,01CAPRIS_G01,N,N,N,4162.2884,4162.2884,4644.2294,4162.2884,4162.2884,
8/16/2024 5:35:00 AM,01CAPRIS_G02,N,N,N,4162.2884,4162.2884,4194.9906,4162.2884,4162.2884,
8/16/2024 5:35:00 AM,01CASECN_G01,N,N,N,4191.9162,4191.9162,2867.3004,4191.9162,4191.9162,
8/16/2024 5:35:00 AM,01CASECN_SS,N,N,N,4191.9162,4191.9162,4755.3369,4191.9162,4191.9162,
8/16/2024 5:35:00 AM,01CAYBSOL_G01,N,N,N,4128.8513,4128.8513,4694.9953,4128.8513,4128.8513,
8/16/2024 5:35:00 AM,01CBNTU_SS,N,N,N,4304.5020,4304.5020,4755.3369,4304.5020,4304.5020,
8/16/2024 5:35:00 AM,01CBNTU_T1L1,N,N,N,4304.0788,4304.0788,4755.3369,4304.0788,4304.0788,
8/16/2024 5:35:00 AM,01CBNTU_T1L3,N,N,N,4304.0788,4304.0788,4755.3369,4304.0788,4304.0788,
8/16/2024 5:35:00 AM,01CBNTU_T2L1,N,N,N,4304.0788,4304.0788,4755.3369,4304.0788,4304.0788,
8/16/2024 5:35:00 AM,01CBNTU_T2L2,N,N,N,4304.0788,4304.0788,4755.3369,4304.0788,4304.0788,
8/16/2024 5:35:00 AM,01CBN_CELCOR,N,N,N,4304.0788,4304.0788,4755.3369,4304.0788,4304.0788,
8/16/2024 5:35:00 AM,01CIP2_G01,N,N,N,4224.9301,4224.9301,4796.5195,4224.9301,4224.9301,
8/16/2024 5:35:00 AM,01CLARK_L01,N,N,N,4232.5487,4232.5487,4755.3369,4232.5487,4232.5487,
8/16/2024 5:35:00 AM,01CLARK_L02,N,N,N,4232.5487,4232.5487,4755.3369,4232.5487,4232.5487,
8/16/2024 5:35:00 AM,01CLARK_L03,N,N,N,4246.9394,4246.9394,4755.3369,4246.9394,4246.9394,
8/16/2024 5:35:00 AM,01CLARK_L04,N,N,N,4247.7859,4247.7859,4755.3369,4247.7859,4247.7859,
8/16/2024 5:35:00 AM,01CLARK_SS,N,N,N,4246.9394,4246.9394,4755.3369,4246.9394,4246.9394,
8/16/2024 5:35:00 AM,01CLARK_T1L1,N,N,N,4246.9394,4246.9394,4755.3369,4246.9394,4246.9394,
8/16/2024 5:35:00 AM,01CLARK_T1L2,N,N,N,4232.5487,4232.5487,4755.3369,4232.5487,4232.5487,
8/16/2024 5:35:00 AM,01CLARK_T2L1,N,N,N,4248.6324,4248.6324,4755.3369,4248.6324,4248.6324,
8/16/2024 5:35:00 AM,01CLASOL_G01,N,N,N,4246.9394,4246.9394,6053.9542,4246.9394,4246.9394,
8/16/2024 5:35:00 AM,01CLEANG_G01,N,N,N,4104.3025,4104.3025,4672.2641,4104.3025,4104.3025,
8/16/2024 5:35:00 AM,01CNCEP_BAT,N,N,N,4244.3998,4244.3998,4811.4697,4244.3998,4244.3998,
8/16/2024 5:35:00 AM,01CNCEP_CAT,N,N,N,4244.3998,4244.3998,4755.3369,4244.3998,4244.3998,
8/16/2024 5:35:00 AM,01CNCEP_DAP2,N,N,N,4244.3998,4244.3998,4755.3369,4244.3998,4244.3998,
8/16/2024 5:35:00 AM,01CNCEP_SS,N,N,N,4240.5905,4240.5905,4755.3369,4240.5905,4240.5905,
8/16/2024 5:35:00 AM,01CNCEP_T1L3,N,N,N,4240.5905,4240.5905,4755.3369,4240.5905,4240.5905,
8/16/2024 5:35:00 AM,01CNCEP_TEI,N,N,N,4244.3998,4244.3998,4755.3369,4244.3998,4244.3998,
8/16/2024 5:35:00 AM,01CN_TRELC1,N,N,N,4244.3998,4244.3998,4755.3369,4244.3998,4244.3998,
8/16/2024 5:35:00 AM,01CN_TRELC2,N,N,N,4244.3998,4244.3998,4755.3369,4244.3998,4244.3998,
8/16/2024 5:35:00 AM,01CONSOL_G01,N,N,N,4244.3998,4244.3998,4811.4697,4244.3998,4244.3998,
8/16/2024 5:35:00 AM,01CRUZD_MECO,N,N,N,4268.5254,4268.5254,4755.3369,4268.5254,4268.5254,
8/16/2024 5:35:00 AM,01CRUZD_SS,N,N,N,4266.4091,4266.4091,4755.3369,4266.4091,4266.4091,
8/16/2024 5:35:00 AM,01CRUZD_T2L1,N,N,N,4268.5254,4268.5254,4755.3369,4268.5254,4268.5254,
8/16/2024 5:35:00 AM,01CURIM_SS,N,N,N,4242.2836,4242.2836,4755.3369,4242.2836,4242.2836,
8/16/2024 5:35:00 AM,01CURIM_T1L1,N,N,N,4243.5533,4243.5533,4755.3369,4243.5533,4243.5533,
8/16/2024 5:35:00 AM,01CURIM_T1L2,N,N,N,4243.5533,4243.5533,4755.3369,4243.5533,4243.5533,
8/16/2024 5:35:00 AM,01CURSOL_G02,N,N,N,4243.5533,4243.5533,5836.5070,4243.5533,4243.5533,
8/16/2024 5:35:00 AM,01DALSOL_G01,N,N,N,4244.3998,4244.3998,4811.6197,4244.3998,4244.3998,
8/16/2024 5:35:00 AM,01DUHAT_SS,N,N,N,4276.9905,4276.9905,4755.3369,4276.9905,4276.9905,
8/16/2024 5:35:00 AM,01DUHAT_T1L1,N,N,N,4288.4183,4288.4183,4755.3369,4288.4183,4288.4183,
8/16/2024 5:35:00 AM,01EHVSJ_SS,N,N,N,4200.8046,4200.8046,4755.3369,4200.8046,4200.8046,
8/16/2024 5:35:00 AM,01EHVSM_SS,N,N,N,4172.4465,4172.4465,4755.3369,4172.4465,4172.4465,
8/16/2024 5:35:00 AM,01GAMU_BAT,N,N,N,4389.1530,4389.1530,5009.9455,4389.1530,4389.1530,
8/16/2024 5:35:00 AM,01GAMU_BATL,N,N,N,4389.1530,4389.1530,4755.3369,4389.1530,4389.1530,
8/16/2024 5:35:00 AM,01GAMU_SS,N,N,N,4383.6507,4383.6507,4755.3369,4383.6507,4383.6507,
8/16/2024 5:35:00 AM,01GAMU_T1L1,N,N,N,4389.1530,4389.1530,4755.3369,4389.1530,4389.1530,
8/16/2024 5:35:00 AM,01GAMU_T1L2,N,N,N,4383.6507,4383.6507,4755.3369,4383.6507,4383.6507,
8/16/2024 5:35:00 AM,01GFII_G01,N,N,N,4389.1530,4389.1530,5009.9455,4389.1530,4389.1530,
8/16/2024 5:35:00 AM,01GIFT_G01,N,N,N,4304.0788,4304.0788,4812.9386,4304.0788,4304.0788,
8/16/2024 5:35:00 AM,01GIFT_G02,N,N,N,4304.0788,4304.0788,4901.0090,4304.0788,4304.0788,
8/16/2024 5:35:00 AM,01GIGSOL_G01,N,N,N,4155.0931,4155.0931,4723.3946,4155.0931,4155.0931,
8/16/2024 5:35:00 AM,01GNPD_SS,N,N,N,4075.9444,4075.9444,4755.3369,4075.9444,4075.9444,
8/16/2024 5:35:00 AM,01GNPD_U01,N,N,N,4040.8142,4040.8142,4591.5594,4040.8142,4040.8142,
8/16/2024 5:35:00 AM,01GNPD_U02,N,N,N,4043.7770,4043.7770,3705.9091,4043.7770,4043.7770,
8/16/2024 5:35:00 AM,01GRGOLD_G01,N,N,N,4304.0788,4304.0788,5543.9710,4304.0788,4304.0788,
8/16/2024 5:35:00 AM,01HANJI_SS,N,N,N,4127.1582,4127.1582,4755.3369,4127.1582,4127.1582,
8/16/2024 5:35:00 AM,01HANJI_T1L1,N,N,N,4127.1582,4127.1582,4755.3369,4127.1582,4127.1582,
8/16/2024 5:35:00 AM,01HANJI_T2L1,N,N,N,4127.1582,4127.1582,4755.3369,4127.1582,4127.1582,
8/16/2024 5:35:00 AM,01HERMO_FBL,N,N,N,4104.3025,4104.3025,4755.3369,4104.3025,4104.3025,
8/16/2024 5:35:00 AM,01HERMO_SS,N,N,N,4101.7629,4101.7629,4755.3369,4101.7629,4101.7629,
8/16/2024 5:35:00 AM,01HERMO_T1L1,N,N,N,4104.3025,4104.3025,4755.3369,4104.3025,4104.3025,
8/16/2024 5:35:00 AM,01HERMO_T1L2,N,N,N,4104.3025,4104.3025,4755.3369,4104.3025,4104.3025,
8/16/2024 5:35:00 AM,01HERMO_T1L3,N,N,N,4232.5487,4232.5487,4755.3369,4232.5487,4232.5487,
8/16/2024 5:35:00 AM,01HERMO_T1L4,N,N,N,4104.3025,4104.3025,4755.3369,4104.3025,4104.3025,
8/16/2024 5:35:00 AM,01HYPGRN_G01,N,N,N,4288.4183,4288.4183,4843.6105,4288.4183,4288.4183,
8/16/2024 5:35:00 AM,01IBEC_G01,N,N,N,4326.0880,4326.0880,4951.5887,4326.0880,4326.0880,
8/16/2024 5:35:00 AM,01IBULAO_G01,N,N,N,4286.7253,4286.7253,4842.6196,4286.7253,4286.7253,
8/16/2024 5:35:00 AM,01IPOWER_G01,N,N,N,4304.0788,4304.0788,4868.2649,4304.0788,4304.0788,
8/16/2024 5:35:00 AM,01IPOWER_G02,N,N,N,4304.0788,4304.0788,4574.9410,4304.0788,4304.0788,
8/16/2024 5:35:00 AM,01KDAM_SS,N,N,N,4144.0884,4144.0884,4755.3369,4144.0884,4144.0884,
8/16/2024 5:35:00 AM,01LAMAO_BAT,N,N,N,4001.8748,4001.8748,3140.5135,4001.8748,4001.8748,
8/16/2024 5:35:00 AM,01LAMAO_SS,N,N,N,4002.2981,4002.2981,4755.3369,4002.2981,4002.2981,
8/16/2024 5:35:00 AM,01LAOAG_SS,N,N,N,4212.2325,4212.2325,4755.3369,4212.2325,4212.2325,
8/16/2024 5:35:00 AM,01LAOAG_T1L1,N,N,N,4213.9255,4213.9255,4755.3369,4213.9255,4213.9255,
8/16/2024 5:35:00 AM,01LAOAG_T1L2,N,N,N,4213.9255,4213.9255,4755.3369,4213.9255,4213.9255,
8/16/2024 5:35:00 AM,01LAOAG_T2L2,N,N,N,4212.2325,4212.2325,4755.3369,4212.2325,4212.2325,
8/16/2024 5:35:00 AM,01LAOSOL_G01,N,N,N,4128.4280,4128.4280,4694.3134,4128.4280,4128.4280,
8/16/2024 5:35:00 AM,01LAOSOL_SS,N,N,N,4128.4280,4128.4280,4755.3369,4128.4280,4128.4280,
8/16/2024 5:35:00 AM,01LASUER_U01,N,N,N,4383.6507,4383.6507,5005.2015,4383.6507,4383.6507,
8/16/2024 5:35:00 AM,01LATRI_SS,N,N,N,4219.8511,4219.8511,4755.3369,4219.8511,4219.8511,
8/16/2024 5:35:00 AM,01LATRI_T1L1,N,N,N,4223.6603,4223.6603,4755.3369,4223.6603,4223.6603,
8/16/2024 5:35:00 AM,01LATRI_T2L1,N,N,N,4223.6603,4223.6603,4755.3369,4223.6603,4223.6603,
8/16/2024 5:35:00 AM,01LATRI_T2L2,N,N,N,4223.6603,4223.6603,4755.3369,4223.6603,4223.6603,
8/16/2024 5:35:00 AM,01LATRI_T2L3,N,N,N,4223.6603,4223.6603,4755.3369,4223.6603,4223.6603,
8/16/2024 5:35:00 AM,01LAT_BENECO,N,N,N,4223.6603,4223.6603,4755.3369,4223.6603,4223.6603,
8/16/2024 5:35:00 AM,01LAT_PHILEX,N,N,N,4223.6603,4223.6603,4755.3369,4223.6603,4223.6603,
8/16/2024 5:35:00 AM,01LBRDR_SS,N,N,N,4129.6978,4129.6978,4755.3369,4129.6978,4129.6978,
8/16/2024 5:35:00 AM,01LBR_CNPELC,N,N,N,4232.5487,4232.5487,4755.3369,4232.5487,4232.5487,
8/16/2024 5:35:00 AM,01LBR_DECORP,N,N,N,4130.9675,4130.9675,4755.3369,4130.9675,4130.9675,
8/16/2024 5:35:00 AM,01LBR_PNELC1,N,N,N,4131.8140,4131.8140,4755.3369,4131.8140,4131.8140,
8/16/2024 5:35:00 AM,01LIMAY_BAT,N,N,N,4012.0329,4012.0329,3858.4632,4012.0329,4012.0329,
8/16/2024 5:35:00 AM,01LIMAY_SS,N,N,N,4010.3399,4010.3399,4755.3369,4010.3399,4010.3399,
8/16/2024 5:35:00 AM,01LIMAY_U01,N,N,N,4010.3399,4010.3399,4579.7050,4010.3399,4010.3399,
8/16/2024 5:35:00 AM,01LIMAY_U02,N,N,N,4010.3399,4010.3399,4579.7050,4010.3399,4010.3399,
8/16/2024 5:35:00 AM,01LIMAY_U03,N,N,N,4010.3399,4010.3399,4579.7050,4010.3399,4010.3399,
8/16/2024 5:35:00 AM,01LIMAY_U04,N,N,N,4010.3399,4010.3399,4579.7050,4010.3399,4010.3399,
8/16/2024 5:35:00 AM,01LIMAY_U05,N,N,N,4010.3399,4010.3399,4579.7050,4010.3399,4010.3399,
8/16/2024 5:35:00 AM,01LIMAY_U06,N,N,N,4010.3399,4010.3399,4579.7050,4010.3399,4010.3399,
8/16/2024 5:35:00 AM,01LIMAY_U07,N,N,N,4010.3399,4010.3399,4579.7050,4010.3399,4010.3399,
8/16/2024 5:35:00 AM,01LIMAY_U08,N,N,N,4010.3399,4010.3399,4579.7050,4010.3399,4010.3399,
8/16/2024 5:35:00 AM,01MAEC_G01,N,N,N,4243.5533,4243.5533,4802.9145,4243.5533,4243.5533,
8/16/2024 5:35:00 AM,01MAEC_S01,N,N,N,4243.5533,4243.5533,4755.3369,4243.5533,4243.5533,
8/16/2024 5:35:00 AM,01MAGAPIT_BAT,N,N,N,4434.0180,4434.0180,5122.1743,4434.0180,4434.0180,
8/16/2024 5:35:00 AM,01MAGAT_BAT,N,N,N,4318.0462,4318.0462,4943.6554,4318.0462,4318.0462,
8/16/2024 5:35:00 AM,01MAGAT_SS,N,N,N,4318.0462,4318.0462,4755.3369,4318.0462,4318.0462,
8/16/2024 5:35:00 AM,01MAGAT_U01,N,N,N,4318.0462,4318.0462,5936.1807,4318.0462,4318.0462,
8/16/2024 5:35:00 AM,01MAGAT_U02,N,N,N,4318.0462,4318.0462,6374.32,4318.0462,4318.0462,
8/16/2024 5:35:00 AM,01MAGAT_U03,N,N,N,4318.0462,4318.0462,5202.5178,4318.0462,4318.0462,
8/16/2024 5:35:00 AM,01MAGAT_U04,N,N,N,4318.0462,4318.0462,5268.8298,4318.0462,4318.0462,
8/16/2024 5:35:00 AM,01MALOL_SS,N,N,N,4204.1906,4204.1906,4755.3369,4204.1906,4204.1906,
8/16/2024 5:35:00 AM,01MALOL_T1L1,N,N,N,4214.7720,4214.7720,4755.3369,4214.7720,4214.7720,
8/16/2024 5:35:00 AM,01MARIS_U01,N,N,N,4326.0880,4326.0880,5206.3119,4326.0880,4326.0880,
8/16/2024 5:35:00 AM,01MARIS_U02,N,N,N,4326.0880,4326.0880,5178.2627,4326.0880,4326.0880,
8/16/2024 5:35:00 AM,01MARSOL_G01,N,N,N,3991.2934,3991.2934,4557.1820,3991.2934,3991.2934,
8/16/2024 5:35:00 AM,01MARVEL_AUX,N,N,N,3988.7539,3988.7539,4755.3369,3988.7539,3988.7539,
8/16/2024 5:35:00 AM,01MARVEL_G01,N,N,N,3987.9074,3987.9074,4554.5738,3987.9074,3987.9074,
8/16/2024 5:35:00 AM,01MARVEL_G02,N,N,N,3987.9074,3987.9074,4547.0295,3987.9074,3987.9074,
8/16/2024 5:35:00 AM,01MARVEL_SS,N,N,N,3988.7539,3988.7539,4755.3369,3988.7539,3988.7539,
8/16/2024 5:35:00 AM,01MASIWA_G01,N,N,N,4304.0788,4304.0788,4867.6473,4304.0788,4304.0788,
8/16/2024 5:35:00 AM,01MASIWA_SS,N,N,N,4304.0788,4304.0788,4755.3369,4304.0788,4304.0788,
8/16/2024 5:35:00 AM,01MATUNO_G01,N,N,N,4284.1858,4284.1858,4887.5464,4284.1858,4284.1858,
8/16/2024 5:35:00 AM,01MEXICO_SS,N,N,N,4238.8975,4238.8975,4755.3369,4238.8975,4238.8975,
8/16/2024 5:35:00 AM,01MEX_AEC,N,N,N,4241.4371,4241.4371,4755.3369,4241.4371,4241.4371,
8/16/2024 5:35:00 AM,01MEX_CISP,N,N,N,4241.8603,4241.8603,4755.3369,4241.8603,4241.8603,
8/16/2024 5:35:00 AM,01MEX_CLARK1,N,N,N,4241.8603,4241.8603,4755.3369,4241.8603,4241.8603,
8/16/2024 5:35:00 AM,01MEX_CLARK2,N,N,N,4241.8603,4241.8603,4755.3369,4241.8603,4241.8603,
8/16/2024 5:35:00 AM,01MEX_CND,N,N,N,4241.8603,4241.8603,4755.3369,4241.8603,4241.8603,
8/16/2024 5:35:00 AM,01MEX_L01,N,N,N,4241.8603,4241.8603,4755.3369,4241.8603,4241.8603,
8/16/2024 5:35:00 AM,01MEX_MIC,N,N,N,4241.4371,4241.4371,4755.3369,4241.4371,4241.4371,
8/16/2024 5:35:00 AM,01MEX_PELCO1,N,N,N,4241.8603,4241.8603,4755.3369,4241.8603,4241.8603,
8/16/2024 5:35:00 AM,01MEX_PIMP,N,N,N,4241.8603,4241.8603,4755.3369,4241.8603,4241.8603,
8/16/2024 5:35:00 AM,01MEX_SFLAPC,N,N,N,4239.3208,4239.3208,4755.3369,4239.3208,4239.3208,
8/16/2024 5:35:00 AM,01MEX_SKK,N,N,N,4241.4371,4241.4371,4755.3369,4241.4371,4241.4371,
8/16/2024 5:35:00 AM,01MPGC_SS,N,N,N,4072.9816,4072.9816,4755.3369,4072.9816,4072.9816,
8/16/2024 5:35:00 AM,01MPGC_U01,N,N,N,4055.6282,4055.6282,4502.6394,4055.6282,4055.6282,
8/16/2024 5:35:00 AM,01MPGC_U02,N,N,N,4055.6282,4055.6282,4887.6645,4055.6282,4055.6282,
8/16/2024 5:35:00 AM,01MPGC_U03,N,N,N,4232.5487,4232.5487,4874.6096,4232.5487,4232.5487,
8/16/2024 5:35:00 AM,01MPGC_U04,N,N,N,4055.6282,4055.6282,4438.9825,4055.6282,4055.6282,
8/16/2024 5:35:00 AM,01MRVEL_T1L1,N,N,N,3991.2934,3991.2934,4755.3369,3991.2934,3991.2934,
8/16/2024 5:35:00 AM,01MSINLO_BAT,N,N,N,3981.9818,3981.9818,2851.4557,3981.9818,3981.9818,
8/16/2024 5:35:00 AM,01MSINLO_G01,N,N,N,3979.8655,3979.8655,4675.3975,3979.8655,3979.8655,
8/16/2024 5:35:00 AM,01MSINLO_G02,N,N,N,3980.7121,3980.7121,4757.5175,3980.7121,3980.7121,
8/16/2024 5:35:00 AM,01MSINLO_G03,N,N,N,3979.8655,3979.8655,4622.4336,3979.8655,3979.8655,
8/16/2024 5:35:00 AM,01MSINLO_SS,N,N,N,3981.9818,3981.9818,4755.3369,3981.9818,3981.9818,
8/16/2024 5:35:00 AM,01NIABAL_G01,N,N,N,4326.0880,4326.0880,4832.7310,4326.0880,4326.0880,
8/16/2024 5:35:00 AM,01NMHC_G01,N,N,N,4223.6603,4223.6603,4357.4319,4223.6603,4223.6603,
8/16/2024 5:35:00 AM,01NMHC_G03,N,N,N,4223.6603,4223.6603,4480.1431,4223.6603,4223.6603,
8/16/2024 5:35:00 AM,01NSNMN_L01,N,N,N,4232.5487,4232.5487,4755.3369,4232.5487,4232.5487,
8/16/2024 5:35:00 AM,01NSNMN_L02,N,N,N,4197.4185,4197.4185,4755.3369,4197.4185,4197.4185,
8/16/2024 5:35:00 AM,01NSNMN_SS,N,N,N,4191.9162,4191.9162,4755.3369,4191.9162,4191.9162,
8/16/2024 5:35:00 AM,01NSNMN_T1L1,N,N,N,4232.5487,4232.5487,4755.3369,4232.5487,4232.5487,
8/16/2024 5:35:00 AM,01NWIND_G01,N,N,N,4212.2325,4212.2325,3513.8065,4212.2325,4212.2325,
8/16/2024 5:35:00 AM,01NWIND_G02,N,N,N,4212.2325,4212.2325,3686.3698,4212.2325,4212.2325,
8/16/2024 5:35:00 AM,01NWIND_L01,N,N,N,4212.2325,4212.2325,4755.3369,4212.2325,4212.2325,
8/16/2024 5:35:00 AM,01OLONG_SS,N,N,N,4117.4234,4117.4234,4755.3369,4117.4234,4117.4234,
8/16/2024 5:35:00 AM,01OLONG_T1L1,N,N,N,4121.2327,4121.2327,4755.3369,4121.2327,4121.2327,
8/16/2024 5:35:00 AM,01OLONG_T2L2,N,N,N,4121.2327,4121.2327,4755.3369,4121.2327,4121.2327,
8/16/2024 5:35:00 AM,01OLONG_T3L3,N,N,N,4121.2327,4121.2327,4755.3369,4121.2327,4121.2327,
8/16/2024 5:35:00 AM,01PAGCAP_L01,N,N,N,4162.2884,4162.2884,4755.3369,4162.2884,4162.2884,
8/16/2024 5:35:00 AM,01PAGUD_SS,N,N,N,4162.2884,4162.2884,4755.3369,4162.2884,4162.2884,
8/16/2024 5:35:00 AM,01PASQSOL_G01,N,N,N,4210.5394,4210.5394,6207.5378,4210.5394,4210.5394,
8/16/2024 5:35:00 AM,01PAVGSOL_G01,N,N,N,4012.0329,4012.0329,5801.3811,4012.0329,4012.0329,
8/16/2024 5:35:00 AM,01PETRON_G01,N,N,N,4010.3399,4010.3399,5797.7815,4010.3399,4010.3399,
8/16/2024 5:35:00 AM,01PETSOL_G01,N,N,N,4244.3998,4244.3998,4811.4697,4244.3998,4244.3998,
8/16/2024 5:35:00 AM,01PETSOL_G02,N,N,N,4244.3998,4244.3998,4811.4697,4244.3998,4244.3998,
8/16/2024 5:35:00 AM,01PNTBNG_SS,N,N,N,4256.2510,4256.2510,4755.3369,4256.2510,4256.2510,
8/16/2024 5:35:00 AM,01PNTBNG_U01,N,N,N,4256.2510,4256.2510,4821.2261,4256.2510,4256.2510,
8/16/2024 5:35:00 AM,01PNTBNG_U02,N,N,N,4256.2510,4256.2510,4821.2261,4256.2510,4256.2510,
8/16/2024 5:35:00 AM,01RASLAG_G01,N,N,N,4241.8603,4241.8603,4807.7841,4241.8603,4241.8603,
8/16/2024 5:35:00 AM,01RASLAG_G02,N,N,N,4241.8603,4241.8603,4807.7841,4241.8603,4241.8603,
8/16/2024 5:35:00 AM,01RASLAG_G03,N,N,N,4241.8603,4241.8603,4807.7841,4241.8603,4241.8603,
8/16/2024 5:35:00 AM,01SABANG_G01,N,N,N,4223.6603,4223.6603,4337.8579,4223.6603,4223.6603,
8/16/2024 5:35:00 AM,01SANMIGSOL_G01,N,N,N,4268.5254,4268.5254,4832.1945,4268.5254,4268.5254,
8/16/2024 5:35:00 AM,01SE_ABRECO,N,N,N,4232.5487,4232.5487,4755.3369,4232.5487,4232.5487,
8/16/2024 5:35:00 AM,01SLANGN_G01,N,N,N,4223.6603,4223.6603,4802.2602,4223.6603,4223.6603,
8/16/2024 5:35:00 AM,01SMBELL_G01,N,N,N,4286.7253,4286.7253,4890.8659,4286.7253,4286.7253,
8/16/2024 5:35:00 AM,01SMC_G01,N,N,N,4001.0283,4001.0283,4364.8335,4001.0283,4001.0283,
8/16/2024 5:35:00 AM,01SMC_G02,N,N,N,4001.0283,4001.0283,4427.4216,4001.0283,4001.0283,
8/16/2024 5:35:00 AM,01SMC_G03,N,N,N,4000.6050,4000.6050,4821.7518,4000.6050,4000.6050,
8/16/2024 5:35:00 AM,01SMC_G04,N,N,N,3983.2516,3983.2516,4412.8241,3983.2516,3983.2516,
8/16/2024 5:35:00 AM,01SMC_SS,N,N,N,4001.0283,4001.0283,4755.3369,4001.0283,4001.0283,
8/16/2024 5:35:00 AM,01SMC_SS2,N,N,N,4001.0283,4001.0283,4755.3369,4001.0283,4001.0283,
8/16/2024 5:35:00 AM,01SMC_SS3,N,N,N,4000.6050,4000.6050,4755.3369,4000.6050,4000.6050,
8/16/2024 5:35:00 AM,01SMC_SS4,N,N,N,3983.2516,3983.2516,4755.3369,3983.2516,3983.2516,
8/16/2024 5:35:00 AM,01SNEST_SS,N,N,N,4226.6231,4226.6231,4755.3369,4226.6231,4226.6231,
8/16/2024 5:35:00 AM,01SNEST_T3L1,N,N,N,4238.0510,4238.0510,4755.3369,4238.0510,4238.0510,
8/16/2024 5:35:00 AM,01SNEST_T3L2,N,N,N,4238.0510,4238.0510,4755.3369,4238.0510,4238.0510,
8/16/2024 5:35:00 AM,01SNJOSE_L01,N,N,N,4233.8185,4233.8185,4755.3369,4233.8185,4233.8185,
8/16/2024 5:35:00 AM,01SNJOSE_SS,N,N,N,4226.1999,4226.1999,4755.3369,4226.1999,4226.1999,
8/16/2024 5:35:00 AM,01SNJOS_CAM,N,N,N,4233.8185,4233.8185,4755.3369,4233.8185,4233.8185,
8/16/2024 5:35:00 AM,01SNJOS_T1L1,N,N,N,4232.1254,4232.1254,4755.3369,4232.1254,4232.1254,
8/16/2024 5:35:00 AM,01SNJOS_T1L2,N,N,N,4270.6416,4270.6416,4755.3369,4270.6416,4270.6416,
8/16/2024 5:35:00 AM,01SNJOS_T1L3,N,N,N,4233.3952,4233.3952,4755.3369,4233.3952,4233.3952,
8/16/2024 5:35:00 AM,01SNMAN_BAT,N,N,N,4213.0790,4213.0790,4026.0999,4213.0790,4213.0790,
8/16/2024 5:35:00 AM,01SNMAN_LYO,N,N,N,4213.0790,4213.0790,4755.3369,4213.0790,4213.0790,
8/16/2024 5:35:00 AM,01SNMAN_SS,N,N,N,4192.3395,4192.3395,4755.3369,4192.3395,4192.3395,
8/16/2024 5:35:00 AM,01SNMAN_T1L2,N,N,N,4213.0790,4213.0790,4755.3369,4213.0790,4213.0790,
8/16/2024 5:35:00 AM,01SNMARSOL_G01,N,N,N,4101.7629,4101.7629,4669.5499,4101.7629,4101.7629,
8/16/2024 5:35:00 AM,01SNMAR_SS,N,N,N,4101.7629,4101.7629,4755.3369,4101.7629,4101.7629,
8/16/2024 5:35:00 AM,01SNM_PNELC3,N,N,N,4213.0790,4213.0790,4755.3369,4213.0790,4213.0790,
8/16/2024 5:35:00 AM,01SNTGO_SS,N,N,N,4326.0880,4326.0880,4755.3369,4326.0880,4326.0880,
8/16/2024 5:35:00 AM,01SNTGO_T1L1,N,N,N,4326.0880,4326.0880,4755.3369,4326.0880,4326.0880,
8/16/2024 5:35:00 AM,01SNTGO_T1L2,N,N,N,4326.0880,4326.0880,4755.3369,4326.0880,4326.0880,
8/16/2024 5:35:00 AM,01SNTGO_T1L3,N,N,N,4326.0880,4326.0880,4755.3369,4326.0880,4326.0880,
8/16/2024 5:35:00 AM,01SNTGO_T2L1,N,N,N,4326.0880,4326.0880,4755.3369,4326.0880,4326.0880,
8/16/2024 5:35:00 AM,01SNTGO_T2L2,N,N,N,4326.0880,4326.0880,4755.3369,4326.0880,4326.0880,
8/16/2024 5:35:00 AM,01SPABUL_G01,N,N,N,4268.5254,4268.5254,4832.1945,4268.5254,4268.5254,
8/16/2024 5:35:00 AM,01SROQUE_SS,N,N,N,4191.4930,4191.4930,4755.3369,4191.4930,4191.4930,
8/16/2024 5:35:00 AM,01SROQUE_U01,N,N,N,4191.4930,4191.4930,4757.8191,4191.4930,4191.4930,
8/16/2024 5:35:00 AM,01SROQUE_U02,N,N,N,4191.4930,4191.4930,4757.8191,4191.4930,4191.4930,
8/16/2024 5:35:00 AM,01SROQUE_U03,N,N,N,4191.4930,4191.4930,4757.8191,4191.4930,4191.4930,
8/16/2024 5:35:00 AM,01SUAL_G01,N,N,N,4109.3815,4109.3815,4734.3146,4109.3815,4109.3815,
8/16/2024 5:35:00 AM,01SUAL_G02,N,N,N,4116.1536,4116.1536,4729.9505,4116.1536,4116.1536,
8/16/2024 5:35:00 AM,01SUAL_T3L1,N,N,N,4118.2699,4118.2699,4755.3369,4118.2699,4118.2699,
8/16/2024 5:35:00 AM,01SUBIC_T3L1,N,N,N,4112.3443,4112.3443,4755.3369,4112.3443,4112.3443,
8/16/2024 5:35:00 AM,01SUBIC_T3L2,N,N,N,4112.3443,4112.3443,4755.3369,4112.3443,4112.3443,
8/16/2024 5:35:00 AM,01SUBSOL_G01,N,N,N,4112.3443,4112.3443,4679.7967,4112.3443,4112.3443,
8/16/2024 5:35:00 AM,01SUPSOL_G01,N,N,N,4112.3443,4112.3443,4679.7967,4112.3443,4112.3443,
8/16/2024 5:35:00 AM,01S_ENRO_G01,N,N,N,4112.3443,4112.3443,4679.7967,4112.3443,4112.3443,
8/16/2024 5:35:00 AM,01S_ENRO_SS,N,N,N,4112.3443,4112.3443,4755.3369,4112.3443,4112.3443,
8/16/2024 5:35:00 AM,01TERASU_G01,N,N,N,4244.3998,4244.3998,4811.6197,4244.3998,4244.3998,
8/16/2024 5:35:00 AM,01TGEGA_SS,N,N,N,4429.3622,4429.3622,4755.3369,4429.3622,4429.3622,
8/16/2024 5:35:00 AM,01TGEGA_T1L1,N,N,N,4434.0180,4434.0180,4755.3369,4434.0180,4434.0180,
8/16/2024 5:35:00 AM,01TG_CGELCO1,N,N,N,4434.0180,4434.0180,4755.3369,4434.0180,4434.0180,
8/16/2024 5:35:00 AM,01TG_CGELCO2,N,N,N,4434.0180,4434.0180,4755.3369,4434.0180,4434.0180,
8/16/2024 5:35:00 AM,01TG_ISELCO2,N,N,N,4434.0180,4434.0180,4755.3369,4434.0180,4434.0180,
8/16/2024 5:35:00 AM,01TPCBUNK_G01,N,N,N,4244.3998,4244.3998,4811.6197,4244.3998,4244.3998,
8/16/2024 5:35:00 AM,01TRASU_L01,N,N,N,4244.3998,4244.3998,4755.3369,4244.3998,4244.3998,
8/16/2024 5:35:00 AM,01TRUSTBIO_G01,N,N,N,4241.8603,4241.8603,4807.7841,4241.8603,4241.8603,
8/16/2024 5:35:00 AM,01TRUSTSOL_G01,N,N,N,4241.8603,4241.8603,4807.7841,4241.8603,4241.8603,
8/16/2024 5:35:00 AM,01T_ASIA_G01,N,N,N,4232.9720,4232.9720,4790.8098,4232.9720,4232.9720,
8/16/2024 5:35:00 AM,01T_ASI_T3L1,N,N,N,4232.9720,4232.9720,4755.3369,4232.9720,4232.9720,
8/16/2024 5:35:00 AM,01UPPC_G01,N,N,N,4241.8603,4241.8603,4807.7841,4241.8603,4241.8603,
8/16/2024 5:35:00 AM,01VSGRIP_G01,N,N,N,4304.0788,4304.0788,4851.4245,4304.0788,4304.0788,
8/16/2024 5:35:00 AM,01YHGRN_G01,N,N,N,4104.3025,4104.3025,4672.2641,4104.3025,4104.3025,
8/16/2024 5:35:00 AM,01ZAMSOL_G01,N,N,N,4155.0931,4155.0931,5947.7655,4155.0931,4155.0931,
8/16/2024 5:35:00 AM,02ARANE_T1L1,N,N,N,4294.7672,4294.7672,4755.3369,4294.7672,4294.7672,
8/16/2024 5:35:00 AM,02BALNT_T1L1,N,N,N,4270.6416,4270.6416,4755.3369,4270.6416,4270.6416,
8/16/2024 5:35:00 AM,02DOLOR_T1L1,N,N,N,4292.6509,4292.6509,4755.3369,4292.6509,4292.6509,
8/16/2024 5:35:00 AM,02ECOPRK_G01,N,N,N,4270.6416,4270.6416,4828.5458,4270.6416,4270.6416,
8/16/2024 5:35:00 AM,02ECOTAGA_G01,N,N,N,4270.6416,4270.6416,4814.6083,4270.6416,4270.6416,
8/16/2024 5:35:00 AM,02MMPP_G01,N,N,N,4270.6416,4270.6416,4828.5458,4270.6416,4270.6416,
8/16/2024 5:35:00 AM,02PACO_T1L1,N,N,N,4299.8462,4299.8462,4755.3369,4299.8462,4299.8462,
8/16/2024 5:35:00 AM,02PNGEA_G01,N,N,N,4270.6416,4270.6416,4813.9789,4270.6416,4270.6416,
8/16/2024 5:35:00 AM,02PNGYSOL_G01,N,N,N,4232.5487,4232.5487,4849.2712,4232.5487,4232.5487,
8/16/2024 5:35:00 AM,02SMNRTH_G01,N,N,N,4270.6416,4270.6416,4828.5458,4270.6416,4270.6416,
8/16/2024 5:35:00 AM,02SUCAT_T1L1,N,N,N,4263.4463,4263.4463,4755.3369,4263.4463,4263.4463,
8/16/2024 5:35:00 AM,02TMOBIL_G01,N,N,N,4270.6416,4270.6416,4828.5458,4270.6416,4270.6416,
8/16/2024 5:35:00 AM,02TMOBIL_G02,N,N,N,4270.6416,4270.6416,4828.5458,4270.6416,4270.6416,
8/16/2024 5:35:00 AM,02TMOBIL_G03,N,N,N,4270.6416,4270.6416,4828.5458,4270.6416,4270.6416,
8/16/2024 5:35:00 AM,02TMOBIL_G04,N,N,N,4270.6416,4270.6416,4828.5458,4270.6416,4270.6416,
8/16/2024 5:35:00 AM,02VALSOL_G01,N,N,N,4270.6416,4270.6416,4828.5458,4270.6416,4270.6416,
8/16/2024 5:35:00 AM,02ZAPOT_SS,N,N,N,4243.1301,4243.1301,4755.3369,4243.1301,4243.1301,
8/16/2024 5:35:00 AM,02ZAPOT_T1L1,N,N,N,4249.0556,4249.0556,4755.3369,4249.0556,4249.0556,
8/16/2024 5:35:00 AM,03ADISOL_G01,N,N,N,4115.7304,4115.7304,4678.6448,4115.7304,4115.7304,
8/16/2024 5:35:00 AM,03ALMNOS_BAT1,N,N,N,4234.6650,4234.6650,4789.6439,4234.6650,4234.6650,
8/16/2024 5:35:00 AM,03ALMNOS_BAT2,N,N,N,4234.6650,4234.6650,3069.4110,4234.6650,4234.6650,
8/16/2024 5:35:00 AM,03AMADEO_T1L1,N,N,N,4204.1906,4204.1906,4755.3369,4204.1906,4204.1906,
8/16/2024 5:35:00 AM,03AVION_SS,N,N,N,4183.8744,4183.8744,4755.3369,4183.8744,4183.8744,
8/16/2024 5:35:00 AM,03AVION_U01,N,N,N,4183.4511,4183.4511,5321.9029,4183.4511,4183.4511,
8/16/2024 5:35:00 AM,03AVION_U02,N,N,N,4183.4511,4183.4511,4691.8933,4183.4511,4183.4511,
8/16/2024 5:35:00 AM,03AWOC_G01,N,N,N,4292.6509,4292.6509,4954.5483,4292.6509,4292.6509,
8/16/2024 5:35:00 AM,03BACMAN_SS,N,N,N,3999.3353,3999.3353,4755.3369,3999.3353,3999.3353,
8/16/2024 5:35:00 AM,03BACMAN_U01,N,N,N,3981.5586,3981.5586,4415.6478,3981.5586,3981.5586,
8/16/2024 5:35:00 AM,03BACMAN_U02,N,N,N,3981.5586,3981.5586,4417.5582,3981.5586,3981.5586,
8/16/2024 5:35:00 AM,03BACMAN_U03,N,N,N,3998.4888,3998.4888,4350.8712,3998.4888,3998.4888,
8/16/2024 5:35:00 AM,03BALUG_G01,N,N,N,4281.6463,4281.6463,4829.8434,4281.6463,4281.6463,
8/16/2024 5:35:00 AM,03BART_G01,N,N,N,4070.4421,4070.4421,4525.8158,4070.4421,4070.4421,
8/16/2024 5:35:00 AM,03BATAN_SS,N,N,N,4198.2651,4198.2651,4755.3369,4198.2651,4198.2651,
8/16/2024 5:35:00 AM,03BATAN_T1L2,N,N,N,4202.4976,4202.4976,4755.3369,4202.4976,4202.4976,
8/16/2024 5:35:00 AM,03BATAN_T2L2,N,N,N,4200.8046,4200.8046,4755.3369,4200.8046,4200.8046,
8/16/2024 5:35:00 AM,03BAT_BTLEC2,N,N,N,4202.9209,4202.9209,4755.3369,4202.9209,4202.9209,
8/16/2024 5:35:00 AM,03BAT_LIP01,N,N,N,4202.9209,4202.9209,4755.3369,4202.9209,4202.9209,
8/16/2024 5:35:00 AM,03BAT_LIP02,N,N,N,4202.9209,4202.9209,4755.3369,4202.9209,4202.9209,
8/16/2024 5:35:00 AM,03BAT_MECO,N,N,N,4202.9209,4202.9209,4755.3369,4202.9209,4202.9209,
8/16/2024 5:35:00 AM,03BAT_MECO1,N,N,N,4202.9209,4202.9209,4755.3369,4202.9209,4202.9209,
8/16/2024 5:35:00 AM,03BAT_MECO2,N,N,N,4202.9209,4202.9209,4755.3369,4202.9209,4202.9209,
8/16/2024 5:35:00 AM,03BAT_ROS01,N,N,N,4202.9209,4202.9209,4755.3369,4202.9209,4202.9209,
8/16/2024 5:35:00 AM,03BAT_T1L1,N,N,N,4202.4976,4202.4976,4755.3369,4202.4976,4202.4976,
8/16/2024 5:35:00 AM,03BAT_T2L1,N,N,N,4200.8046,4200.8046,4755.3369,4200.8046,4200.8046,
8/16/2024 5:35:00 AM,03BBEC_G01,N,N,N,4070.4421,4070.4421,4529.7606,4070.4421,4070.4421,
8/16/2024 5:35:00 AM,03BINAN_SS,N,N,N,4237.2045,4237.2045,4755.3369,4237.2045,4237.2045,
8/16/2024 5:35:00 AM,03BINAN_T1L1,N,N,N,4242.7068,4242.7068,4755.3369,4242.7068,4242.7068,
8/16/2024 5:35:00 AM,03BOTOCA_G01,N,N,N,4281.6463,4281.6463,4486.4275,4281.6463,4281.6463,
8/16/2024 5:35:00 AM,03BOTOCA_L01,N,N,N,4281.6463,4281.6463,4755.3369,4281.6463,4281.6463,
8/16/2024 5:35:00 AM,03BOTOCA_SS,N,N,N,4281.6463,4281.6463,4755.3369,4281.6463,4281.6463,
8/16/2024 5:35:00 AM,03CADPI_G01,N,N,N,4115.7304,4115.7304,4678.6448,4115.7304,4115.7304,
8/16/2024 5:35:00 AM,03CALACA_G01,N,N,N,4101.7629,4101.7629,5032.5957,4101.7629,4101.7629,
8/16/2024 5:35:00 AM,03CALACA_G02,N,N,N,4111.9211,4111.9211,4446.2551,4111.9211,4111.9211,
8/16/2024 5:35:00 AM,03CALAMBA_L01,N,N,N,4248.2091,4248.2091,4755.3369,4248.2091,4248.2091,
8/16/2024 5:35:00 AM,03CALAMBA_SS,N,N,N,4240.5905,4240.5905,4755.3369,4240.5905,4240.5905,
8/16/2024 5:35:00 AM,03CALAU_SS,N,N,N,4287.9951,4287.9951,4755.3369,4287.9951,4287.9951,
8/16/2024 5:35:00 AM,03CALAU_T1L1,N,N,N,4296.0369,4296.0369,4755.3369,4296.0369,4296.0369,
8/16/2024 5:35:00 AM,03CALIRY_G01,N,N,N,4281.6463,4281.6463,4828.7062,4281.6463,4281.6463,
8/16/2024 5:35:00 AM,03CALIRY_SS,N,N,N,4281.6463,4281.6463,4755.3369,4281.6463,4281.6463,
8/16/2024 5:35:00 AM,03CALIRY_SS1,N,N,N,4281.6463,4281.6463,4755.3369,4281.6463,4281.6463,
8/16/2024 5:35:00 AM,03CALIR_TAL1,N,N,N,4281.6463,4281.6463,4755.3369,4281.6463,4281.6463,
8/16/2024 5:35:00 AM,03CALI_FLECO,N,N,N,4281.6463,4281.6463,4755.3369,4281.6463,4281.6463,
8/16/2024 5:35:00 AM,03CALSOL_G01,N,N,N,4115.7304,4115.7304,4678.6448,4115.7304,4115.7304,
8/16/2024 5:35:00 AM,03CLABSOL_G01,N,N,N,4070.8653,4070.8653,4526.0942,4070.8653,4070.8653,
8/16/2024 5:35:00 AM,03CLACA_SS,N,N,N,4180.4884,4180.4884,4755.3369,4180.4884,4180.4884,
8/16/2024 5:35:00 AM,03CLA_BCNOT,N,N,N,4103.8792,4103.8792,4755.3369,4103.8792,4103.8792,
8/16/2024 5:35:00 AM,03CLA_BTLEC1,N,N,N,4115.7304,4115.7304,4755.3369,4115.7304,4115.7304,
8/16/2024 5:35:00 AM,03CLA_STLCOR,N,N,N,4115.7304,4115.7304,4755.3369,4115.7304,4115.7304,
8/16/2024 5:35:00 AM,03CLA_T1L1,N,N,N,4115.7304,4115.7304,4755.3369,4115.7304,4115.7304,
8/16/2024 5:35:00 AM,03CLBATO_G01,N,N,N,4296.0369,4296.0369,4846.3784,4296.0369,4296.0369,
8/16/2024 5:35:00 AM,03COLASI_G01,N,N,N,4165.6744,4165.6744,4655.3924,4165.6744,4165.6744,
8/16/2024 5:35:00 AM,03DARAG_SS,N,N,N,4037.4282,4037.4282,4755.3369,4037.4282,4037.4282,
8/16/2024 5:35:00 AM,03DARAG_T1L1,N,N,N,4232.5487,4232.5487,4755.3369,4232.5487,4232.5487,
8/16/2024 5:35:00 AM,03DAR_ALECO,N,N,N,4042.0840,4042.0840,4755.3369,4042.0840,4042.0840,
8/16/2024 5:35:00 AM,03DAR_SRECO2,N,N,N,4048.0096,4048.0096,4755.3369,4048.0096,4048.0096,
8/16/2024 5:35:00 AM,03DAR_STDOM,N,N,N,4042.0840,4042.0840,4755.3369,4042.0840,4042.0840,
8/16/2024 5:35:00 AM,03DASMA_L01,N,N,N,4220.6976,4220.6976,4755.3369,4220.6976,4220.6976,
8/16/2024 5:35:00 AM,03DASMA_SS,N,N,N,4207.5767,4207.5767,4755.3369,4207.5767,4207.5767,
8/16/2024 5:35:00 AM,03EERI_G01,N,N,N,4132.2373,4132.2373,4668.4059,4132.2373,4132.2373,
8/16/2024 5:35:00 AM,03EERI_G02,N,N,N,4132.2373,4132.2373,4479.2733,4132.2373,4132.2373,
8/16/2024 5:35:00 AM,03EERI_G03,N,N,N,4232.5487,4232.5487,4768.2251,4232.5487,4232.5487,
8/16/2024 5:35:00 AM,03EERI_L01,N,N,N,4132.2373,4132.2373,4755.3369,4132.2373,4132.2373,
8/16/2024 5:35:00 AM,03EERI_SS,N,N,N,4132.2373,4132.2373,4755.3369,4132.2373,4132.2373,
8/16/2024 5:35:00 AM,03GUMAC_SS,N,N,N,4223.6603,4223.6603,4755.3369,4223.6603,4223.6603,
8/16/2024 5:35:00 AM,03GUMAC_T1L1,N,N,N,4227.0464,4227.0464,4755.3369,4227.0464,4227.0464,
8/16/2024 5:35:00 AM,03GUMAC_T1L2,N,N,N,4227.0464,4227.0464,4755.3369,4227.0464,4227.0464,
8/16/2024 5:35:00 AM,03GUMAC_T1L3,N,N,N,4227.0464,4227.0464,4755.3369,4227.0464,4227.0464,
8/16/2024 5:35:00 AM,03GUMAC_T1L4,N,N,N,4227.0464,4227.0464,4755.3369,4227.0464,4227.0464,
8/16/2024 5:35:00 AM,03ILI500_SS,N,N,N,4132.2373,4132.2373,4755.3369,4132.2373,4132.2373,
8/16/2024 5:35:00 AM,03ILIJAN_G01,N,N,N,4130.9675,4130.9675,4861.0454,4130.9675,4130.9675,
8/16/2024 5:35:00 AM,03ILIJAN_G02,N,N,N,4131.3908,4131.3908,4479.9327,4131.3908,4131.3908,
8/16/2024 5:35:00 AM,03ILIJAN_SS,N,N,N,4130.9675,4130.9675,4755.3369,4130.9675,4130.9675,
8/16/2024 5:35:00 AM,03ILIJAN_SS2,N,N,N,4131.3908,4131.3908,4755.3369,4131.3908,4131.3908,
8/16/2024 5:35:00 AM,03INARI_G01,N,N,N,4070.8653,4070.8653,4522.3303,4070.8653,4070.8653,
8/16/2024 5:35:00 AM,03INGRID_GS1,N,N,N,4276.9905,4276.9905,5129.1071,4276.9905,4276.9905,
8/16/2024 5:35:00 AM,03INGRID_GS2,N,N,N,4276.9905,4276.9905,5129.1071,4276.9905,4276.9905,
8/16/2024 5:35:00 AM,03INGRID_GS3,N,N,N,4276.9905,4276.9905,5129.1071,4276.9905,4276.9905,
8/16/2024 5:35:00 AM,03INGRID_GS4,N,N,N,4276.9905,4276.9905,5129.1071,4276.9905,4276.9905,
8/16/2024 5:35:00 AM,03INGRID_GS5,N,N,N,4276.9905,4276.9905,4832.8558,4276.9905,4276.9905,
8/16/2024 5:35:00 AM,03INGRID_GS6,N,N,N,4276.9905,4276.9905,5129.1071,4276.9905,4276.9905,
8/16/2024 5:35:00 AM,03KAL_E_T1L1,N,N,N,4267.2556,4267.2556,4755.3369,4267.2556,4267.2556,
8/16/2024 5:35:00 AM,03KAL_G01,N,N,N,4266.4091,4266.4091,4820.5613,4266.4091,4266.4091,
8/16/2024 5:35:00 AM,03KAL_G02,N,N,N,4266.4091,4266.4091,4820.7814,4266.4091,4266.4091,
8/16/2024 5:35:00 AM,03KAL_G03,N,N,N,4274.4509,4274.4509,4755.3369,4274.4509,4274.4509,
8/16/2024 5:35:00 AM,03KAL_G04,N,N,N,4266.4091,4266.4091,4825.8649,4266.4091,4266.4091,
8/16/2024 5:35:00 AM,03KAL_SS,N,N,N,4266.4091,4266.4091,4755.3369,4266.4091,4266.4091,
8/16/2024 5:35:00 AM,03LABO_SS,N,N,N,4160.1721,4160.1721,4755.3369,4160.1721,4160.1721,
8/16/2024 5:35:00 AM,03LABO_T1L1,N,N,N,4165.6744,4165.6744,4755.3369,4165.6744,4165.6744,
8/16/2024 5:35:00 AM,03LABO_T1L2,N,N,N,4165.6744,4165.6744,4755.3369,4165.6744,4165.6744,
8/16/2024 5:35:00 AM,03LMHP_G01,N,N,N,4071.7119,4071.7119,4602.0218,4071.7119,4071.7119,
8/16/2024 5:35:00 AM,03LUMBAN_BAT,N,N,N,4267.2556,4267.2556,5130.6073,4267.2556,4267.2556,
8/16/2024 5:35:00 AM,03LUMBAN_BATL,N,N,N,4267.2556,4267.2556,4755.3369,4267.2556,4267.2556,
8/16/2024 5:35:00 AM,03LUMBAN_SS,N,N,N,4265.1393,4265.1393,4755.3369,4265.1393,4265.1393,
8/16/2024 5:35:00 AM,03LWERLAB_G01,N,N,N,4265.1393,4265.1393,4747.2157,4265.1393,4265.1393,
8/16/2024 5:35:00 AM,03MAJAY_G01,N,N,N,4281.6463,4281.6463,4745.5657,4281.6463,4281.6463,
8/16/2024 5:35:00 AM,03MAKBA_T3L1,N,N,N,4234.6650,4234.6650,4755.3369,4234.6650,4234.6650,
8/16/2024 5:35:00 AM,03MAKBA_T3L2,N,N,N,4232.5487,4232.5487,4755.3369,4232.5487,4232.5487,
8/16/2024 5:35:00 AM,03MALAYA_G01,N,N,N,4276.9905,4276.9905,4832.8558,4276.9905,4276.9905,
8/16/2024 5:35:00 AM,03MALAYA_G02,N,N,N,4232.5487,4232.5487,4768.2251,4232.5487,4232.5487,
8/16/2024 5:35:00 AM,03MEC_G01,N,N,N,4220.6976,4220.6976,4770.5695,4220.6976,4220.6976,
8/16/2024 5:35:00 AM,03MGI_G02,N,N,N,4296.0369,4296.0369,4850.2751,4296.0369,4296.0369,
8/16/2024 5:35:00 AM,03MGPP_G01,N,N,N,4296.0369,4296.0369,4849.7453,4296.0369,4296.0369,
8/16/2024 5:35:00 AM,03MKBNA_SS,N,N,N,4232.5487,4232.5487,4755.3369,4232.5487,4232.5487,
8/16/2024 5:35:00 AM,03MKBNB_SS,N,N,N,4231.7022,4231.7022,4755.3369,4231.7022,4231.7022,
8/16/2024 5:35:00 AM,03MKBNC_SS,N,N,N,4232.5487,4232.5487,4755.3369,4232.5487,4232.5487,
8/16/2024 5:35:00 AM,03MKBND_SS,N,N,N,4230.8557,4230.8557,4755.3369,4230.8557,4230.8557,
8/16/2024 5:35:00 AM,03MKBNE_SS,N,N,N,4234.6650,4234.6650,4755.3369,4234.6650,4234.6650,
8/16/2024 5:35:00 AM,03MKBN_A,N,N,N,4207.5767,4207.5767,4724.1211,4207.5767,4207.5767,
8/16/2024 5:35:00 AM,03MKBN_B,N,N,N,4226.1999,4226.1999,4716.4832,4226.1999,4226.1999,
8/16/2024 5:35:00 AM,03MKBN_C,N,N,N,4232.5487,4232.5487,4768.2251,4232.5487,4232.5487,
8/16/2024 5:35:00 AM,03MKBN_D,N,N,N,4226.1999,4226.1999,4998.5896,4226.1999,4226.1999,
8/16/2024 5:35:00 AM,03MKBN_E,N,N,N,4234.6650,4234.6650,4815.3947,4234.6650,4234.6650,
8/16/2024 5:35:00 AM,03MKBN_SLACE,N,N,N,4234.6650,4234.6650,4755.3369,4234.6650,4234.6650,
8/16/2024 5:35:00 AM,03MLAYA_L01,N,N,N,4276.9905,4276.9905,4755.3369,4276.9905,4276.9905,
8/16/2024 5:35:00 AM,03MLAYA_SS,N,N,N,4276.9905,4276.9905,4755.3369,4276.9905,4276.9905,
8/16/2024 5:35:00 AM,03MLAYA_SS1,N,N,N,4276.9905,4276.9905,4755.3369,4276.9905,4276.9905,
8/16/2024 5:35:00 AM,03MLAYA_T2L1,N,N,N,4276.9905,4276.9905,4755.3369,4276.9905,4276.9905,
8/16/2024 5:35:00 AM,03MLAYA_T2L2,N,N,N,4276.9905,4276.9905,4755.3369,4276.9905,4276.9905,
8/16/2024 5:35:00 AM,03NAG_CSRC2B,N,N,N,4070.8653,4070.8653,4755.3369,4070.8653,4070.8653,
8/16/2024 5:35:00 AM,03NAG_CSRCO1,N,N,N,4070.8653,4070.8653,4755.3369,4070.8653,4070.8653,
8/16/2024 5:35:00 AM,03NAG_CSRCO2,N,N,N,4070.8653,4070.8653,4755.3369,4070.8653,4070.8653,
8/16/2024 5:35:00 AM,03NAG_CSRCO3,N,N,N,4070.4421,4070.4421,4755.3369,4070.4421,4070.4421,
8/16/2024 5:35:00 AM,03NAG_CSRCO4,N,N,N,4070.4421,4070.4421,4755.3369,4070.4421,4070.4421,
8/16/2024 5:35:00 AM,03NAG_SS,N,N,N,4070.4421,4070.4421,4755.3369,4070.4421,4070.4421,
8/16/2024 5:35:00 AM,03ORMAT_G01,N,N,N,4234.6650,4234.6650,4594.9686,4234.6650,4234.6650,
8/16/2024 5:35:00 AM,03ORMAT_SS,N,N,N,4234.6650,4234.6650,4755.3369,4234.6650,4234.6650,
8/16/2024 5:35:00 AM,03PAGBIL_G01,N,N,N,4113.6141,4113.6141,4699.6693,4113.6141,4113.6141,
8/16/2024 5:35:00 AM,03PAGBIL_G02,N,N,N,4113.1908,4113.1908,4999.1739,4113.1908,4113.1908,
8/16/2024 5:35:00 AM,03PAGBIL_G03,N,N,N,4112.7676,4112.7676,4642.5576,4112.7676,4112.7676,
8/16/2024 5:35:00 AM,03PAGEHV_SS,N,N,N,4131.8140,4131.8140,4755.3369,4131.8140,4131.8140,
8/16/2024 5:35:00 AM,03PALAK_G01,N,N,N,4296.0369,4296.0369,4864.8799,4296.0369,4296.0369,
8/16/2024 5:35:00 AM,03PALAYAN_G01,N,N,N,4232.5487,4232.5487,5418.6219,4232.5487,4232.5487,
8/16/2024 5:35:00 AM,03PGBIL_SS,N,N,N,4113.6141,4113.6141,4755.3369,4113.6141,4113.6141,
8/16/2024 5:35:00 AM,03PGBIL_SS1,N,N,N,4113.6141,4113.6141,4755.3369,4113.6141,4113.6141,
8/16/2024 5:35:00 AM,03PGBIL_SS2,N,N,N,4113.6141,4113.6141,4755.3369,4113.6141,4113.6141,
8/16/2024 5:35:00 AM,03QPPL_G01,N,N,N,4071.7119,4071.7119,4639.2650,4071.7119,4071.7119,
8/16/2024 5:35:00 AM,03QPPL_SU1,N,N,N,4071.7119,4071.7119,4755.3369,4071.7119,4071.7119,
8/16/2024 5:35:00 AM,03QPPL_T5L1,N,N,N,4071.7119,4071.7119,4755.3369,4071.7119,4071.7119,
8/16/2024 5:35:00 AM,03RCBMI_G01,N,N,N,4200.8046,4200.8046,4759.0865,4200.8046,4200.8046,
8/16/2024 5:35:00 AM,03RCBMI_G02,N,N,N,4200.8046,4200.8046,4759.0865,4200.8046,4200.8046,
8/16/2024 5:35:00 AM,03SBPL_G01,N,N,N,4071.7119,4071.7119,4904.5161,4071.7119,4071.7119,
8/16/2024 5:35:00 AM,03SBPL_L01,N,N,N,4071.7119,4071.7119,4755.3369,4071.7119,4071.7119,
8/16/2024 5:35:00 AM,03SLPGC_G01,N,N,N,4232.5487,4232.5487,3864.2471,4232.5487,4232.5487,
8/16/2024 5:35:00 AM,03SLPGC_G02,N,N,N,4091.1816,4091.1816,4650.1982,4091.1816,4091.1816,
8/16/2024 5:35:00 AM,03SLPGC_SS,N,N,N,4111.4978,4111.4978,4755.3369,4111.4978,4111.4978,
8/16/2024 5:35:00 AM,03SLTEC_G01,N,N,N,4232.5487,4232.5487,4904.8179,4232.5487,4232.5487,
8/16/2024 5:35:00 AM,03SLTEC_G02,N,N,N,4102.6095,4102.6095,5256.9457,4102.6095,4102.6095,
8/16/2024 5:35:00 AM,03SLTEC_SS,N,N,N,4103.8792,4103.8792,4755.3369,4103.8792,4103.8792,
8/16/2024 5:35:00 AM,03SNGAB_G01,N,N,N,4171.60,4171.60,5059.6115,4171.60,4171.60,
8/16/2024 5:35:00 AM,03SNGAB_S01,N,N,N,4171.60,4171.60,4755.3369,4171.60,4171.60,
8/16/2024 5:35:00 AM,03SOLACE_G01,N,N,N,4234.6650,4234.6650,4789.6439,4234.6650,4234.6650,
8/16/2024 5:35:00 AM,03STA-RI_G01,N,N,N,4071.2886,4071.2886,4491.2801,4071.2886,4071.2886,
8/16/2024 5:35:00 AM,03STA-RI_G02,N,N,N,4232.5487,4232.5487,4508.8695,4232.5487,4232.5487,
8/16/2024 5:35:00 AM,03STA-RI_G03,N,N,N,4081.87,4081.87,4745.3820,4081.87,4081.87,
8/16/2024 5:35:00 AM,03STA-RI_G04,N,N,N,4081.87,4081.87,4741.7551,4081.87,4081.87,
8/16/2024 5:35:00 AM,03STA-RI_G05,N,N,N,4183.4511,4183.4511,4902.0554,4183.4511,4183.4511,
8/16/2024 5:35:00 AM,03STA-RI_G06,N,N,N,4183.4511,4183.4511,4902.3961,4183.4511,4183.4511,
8/16/2024 5:35:00 AM,03STAR_SS1,N,N,N,4071.2886,4071.2886,4755.3369,4071.2886,4071.2886,
8/16/2024 5:35:00 AM,03STAR_SS2,N,N,N,4232.5487,4232.5487,4755.3369,4232.5487,4232.5487,
8/16/2024 5:35:00 AM,03STAR_SS3,N,N,N,4081.87,4081.87,4755.3369,4081.87,4081.87,
8/16/2024 5:35:00 AM,03STAR_SS4,N,N,N,4081.87,4081.87,4755.3369,4081.87,4081.87,
8/16/2024 5:35:00 AM,03STAR_SS5,N,N,N,4183.4511,4183.4511,4755.3369,4183.4511,4183.4511,
8/16/2024 5:35:00 AM,03STAR_SS6,N,N,N,4183.4511,4183.4511,4755.3369,4183.4511,4183.4511,
8/16/2024 5:35:00 AM,03STROS_T1L1,N,N,N,4241.8603,4241.8603,4755.3369,4241.8603,4241.8603,
8/16/2024 5:35:00 AM,03TAYAB_SS,N,N,N,4136.0466,4136.0466,4755.3369,4136.0466,4136.0466,
8/16/2024 5:35:00 AM,03TAYAB_T1L1,N,N,N,4135.2001,4135.2001,4755.3369,4135.2001,4135.2001,
8/16/2024 5:35:00 AM,03TAYAB_T1L2,N,N,N,4135.2001,4135.2001,4755.3369,4135.2001,4135.2001,
8/16/2024 5:35:00 AM,03TGPP_G01,N,N,N,4047.5863,4047.5863,4504.5181,4047.5863,4047.5863,
8/16/2024 5:35:00 AM,03TGPP_L01,N,N,N,4047.5863,4047.5863,4755.3369,4047.5863,4047.5863,
8/16/2024 5:35:00 AM,03TIBAG_G01,N,N,N,4265.1393,4265.1393,4819.1105,4265.1393,4265.1393,
8/16/2024 5:35:00 AM,03TIWIA_SS,N,N,N,4048.8561,4048.8561,4755.3369,4048.8561,4048.8561,
8/16/2024 5:35:00 AM,03TIWIC_L01,N,N,N,4232.5487,4232.5487,4755.3369,4232.5487,4232.5487,
8/16/2024 5:35:00 AM,03TIWIC_SS,N,N,N,4049.7026,4049.7026,4755.3369,4049.7026,4049.7026,
8/16/2024 5:35:00 AM,03TIWI_A,N,N,N,4048.8561,4048.8561,4784.4554,4048.8561,4048.8561,
8/16/2024 5:35:00 AM,03TIWI_C,N,N,N,4048.4328,4048.4328,4499.2880,4048.4328,4048.4328,
8/16/2024 5:35:00 AM,03UPLAB_G01,N,N,N,4267.2556,4267.2556,4822.4560,4267.2556,4267.2556,
8/16/2024 5:35:00 AM,04BABAT_SS,N,N,N,4354.8694,4354.8694,4755.3369,4354.8694,4354.8694,
8/16/2024 5:35:00 AM,04BABAT_T1L1,N,N,N,4354.0228,4354.0228,4755.3369,4354.0228,4354.0228,
8/16/2024 5:35:00 AM,04BAGLI_T1L1,N,N,N,4357.4089,4357.4089,4755.3369,4357.4089,4357.4089,
8/16/2024 5:35:00 AM,04BAGLI_T1L2,N,N,N,4357.4089,4357.4089,4755.3369,4357.4089,4357.4089,
8/16/2024 5:35:00 AM,04BILGPP_G01,N,N,N,4230.8557,4230.8557,4705.9584,4230.8557,4230.8557,
8/16/2024 5:35:00 AM,04CLBYBNK_G01,N,N,N,4442.4831,4442.4831,4886.9186,4442.4831,4442.4831,
8/16/2024 5:35:00 AM,04CLBYOG_L02,N,N,N,4442.4831,4442.4831,4755.3369,4442.4831,4442.4831,
8/16/2024 5:35:00 AM,04CLBYOG_SS,N,N,N,4445.0226,4445.0226,4755.3369,4445.0226,4445.0226,
8/16/2024 5:35:00 AM,04IASMOD_G01,N,N,N,4245.2463,4245.2463,5339.2792,4245.2463,4245.2463,
8/16/2024 5:35:00 AM,04IASMOD_G02,N,N,N,4245.2463,4245.2463,5260.5030,4245.2463,4245.2463,
8/16/2024 5:35:00 AM,04IASMOD_G03,N,N,N,4245.2463,4245.2463,5312.9421,4245.2463,4245.2463,
8/16/2024 5:35:00 AM,04IASMOD_G04,N,N,N,4245.2463,4245.2463,4570.2513,4245.2463,4245.2463,
8/16/2024 5:35:00 AM,04IASMOD_G05,N,N,N,4245.2463,4245.2463,4600.0986,4245.2463,4245.2463,
8/16/2024 5:35:00 AM,04IASMOD_G06,N,N,N,4245.2463,4245.2463,3860.9909,4245.2463,4245.2463,
8/16/2024 5:35:00 AM,04ISABE_SS,N,N,N,4245.2463,4245.2463,4755.3369,4245.2463,4245.2463,
8/16/2024 5:35:00 AM,04ISABE_T1L1,N,N,N,4245.2463,4245.2463,4755.3369,4245.2463,4245.2463,
8/16/2024 5:35:00 AM,04ISABE_T2L1,N,N,N,4245.2463,4245.2463,4755.3369,4245.2463,4245.2463,
8/16/2024 5:35:00 AM,04ISABE_T3L1,N,N,N,4245.2463,4245.2463,4755.3369,4245.2463,4245.2463,
8/16/2024 5:35:00 AM,04ISABE_T4L2,N,N,N,4245.2463,4245.2463,4755.3369,4245.2463,4245.2463,
8/16/2024 5:35:00 AM,04ISABE_T5L2,N,N,N,4245.2463,4245.2463,4755.3369,4245.2463,4245.2463,
8/16/2024 5:35:00 AM,04LEYTE_A,N,N,N,4227.4696,4227.4696,4536.3174,4227.4696,4227.4696,
8/16/2024 5:35:00 AM,04LEYTE_S01,N,N,N,4227.4696,4227.4696,4755.3369,4227.4696,4227.4696,
8/16/2024 5:35:00 AM,04LGPP_G01,N,N,N,4217.3115,4217.3115,4854.9312,4217.3115,4217.3115,
8/16/2024 5:35:00 AM,04MAASI_SS,N,N,N,4297.73,4297.73,4755.3369,4297.73,4297.73,
8/16/2024 5:35:00 AM,04MAASI_T1L1,N,N,N,4298.9997,4298.9997,4755.3369,4298.9997,4298.9997,
8/16/2024 5:35:00 AM,04MAASI_T2L2,N,N,N,4298.9997,4298.9997,4755.3369,4298.9997,4298.9997,
8/16/2024 5:35:00 AM,04ORMOC_BAT,N,N,N,4230.8557,4230.8557,5350.6333,4230.8557,4230.8557,
8/16/2024 5:35:00 AM,04ORMOC_SS,N,N,N,4230.4324,4230.4324,4755.3369,4230.4324,4230.4324,
8/16/2024 5:35:00 AM,04ORMOC_T2L1,N,N,N,4230.8557,4230.8557,4755.3369,4230.8557,4230.8557,
8/16/2024 5:35:00 AM,04ORMOC_T2L2,N,N,N,4230.8557,4230.8557,4755.3369,4230.8557,4230.8557,
8/16/2024 5:35:00 AM,04PARA_SS,N,N,N,4412.8553,4412.8553,4755.3369,4412.8553,4412.8553,
8/16/2024 5:35:00 AM,04PHSOL_G01,N,N,N,4230.8557,4230.8557,4694.1872,4230.8557,4230.8557,
8/16/2024 5:35:00 AM,04SEPSOL_G01,N,N,N,4230.8557,4230.8557,4694.1872,4230.8557,4230.8557,
8/16/2024 5:35:00 AM,04SNAGU_L01,N,N,N,4442.4831,4442.4831,4755.3369,4442.4831,4442.4831,
8/16/2024 5:35:00 AM,04STAR_SS,N,N,N,4357.4089,4357.4089,4755.3369,4357.4089,4357.4089,
8/16/2024 5:35:00 AM,04TABAN_SS,N,N,N,4233.8185,4233.8185,4755.3369,4233.8185,4233.8185,
8/16/2024 5:35:00 AM,04TABAN_T1L1,N,N,N,4232.5487,4232.5487,4755.3369,4232.5487,4232.5487,
8/16/2024 5:35:00 AM,04TAFT_G01,N,N,N,4483.9621,4483.9621,5242.6632,4483.9621,4483.9621,
8/16/2024 5:35:00 AM,04TONGO_T2L2,N,N,N,4217.7348,4217.7348,4755.3369,4217.7348,4217.7348,
8/16/2024 5:35:00 AM,04WRIGH_T1L1,N,N,N,4412.0088,4412.0088,4755.3369,4412.0088,4412.0088,
8/16/2024 5:35:00 AM,04WRIGH_T2L2,N,N,N,4483.9621,4483.9621,4755.3369,4483.9621,4483.9621,
8/16/2024 5:35:00 AM,05BANIL_T1L1,N,N,N,4257.9440,4257.9440,4755.3369,4257.9440,4257.9440,
8/16/2024 5:35:00 AM,05BANIL_T1L2,N,N,N,4257.9440,4257.9440,4755.3369,4257.9440,4257.9440,
8/16/2024 5:35:00 AM,05BANIL_T1L3,N,N,N,4257.5207,4257.5207,4755.3369,4257.5207,4257.5207,
8/16/2024 5:35:00 AM,05CALUNG_CEP,N,N,N,4203.7674,4203.7674,4755.3369,4203.7674,4203.7674,
8/16/2024 5:35:00 AM,05CARMENDPP_U01,N,N,N,4225.3534,4225.3534,4424.8472,4225.3534,4225.3534,
8/16/2024 5:35:00 AM,05CARMENDPP_U02,N,N,N,4225.3534,4225.3534,4424.8472,4225.3534,4225.3534,
8/16/2024 5:35:00 AM,05CARMENDPP_U03,N,N,N,4225.3534,4225.3534,4424.8472,4225.3534,4225.3534,
8/16/2024 5:35:00 AM,05CARMENDPP_U04,N,N,N,4225.3534,4225.3534,4424.8472,4225.3534,4225.3534,
8/16/2024 5:35:00 AM,05CDPPI_SS1,N,N,N,4232.5487,4232.5487,4755.3369,4232.5487,4232.5487,
8/16/2024 5:35:00 AM,05CDPPI_SS2,N,N,N,4232.5487,4232.5487,4755.3369,4232.5487,4232.5487,
8/16/2024 5:35:00 AM,05CEBU_SS,N,N,N,4245.6696,4245.6696,4755.3369,4245.6696,4245.6696,
8/16/2024 5:35:00 AM,05CEDC_SS,N,N,N,4196.5720,4196.5720,4755.3369,4196.5720,4196.5720,
8/16/2024 5:35:00 AM,05CEDC_U01,N,N,N,4196.1488,4196.1488,4589.6057,4196.1488,4196.1488,
8/16/2024 5:35:00 AM,05CEDC_U02,N,N,N,4196.1488,4196.1488,4593.6138,4196.1488,4196.1488,
8/16/2024 5:35:00 AM,05CEDC_U03,N,N,N,4196.1488,4196.1488,4563.2468,4196.1488,4196.1488,
8/16/2024 5:35:00 AM,05CEMEX_L01,N,N,N,4232.5487,4232.5487,4755.3369,4232.5487,4232.5487,
8/16/2024 5:35:00 AM,05COLON_L01,N,N,N,4232.9720,4232.9720,4755.3369,4232.9720,4232.9720,
8/16/2024 5:35:00 AM,05COMPS_SS,N,N,N,4257.9440,4257.9440,4755.3369,4257.9440,4257.9440,
8/16/2024 5:35:00 AM,05COMPS_T1L1,N,N,N,4260.9068,4260.9068,4755.3369,4260.9068,4260.9068,
8/16/2024 5:35:00 AM,05COMPS_T2L2,N,N,N,4260.9068,4260.9068,4755.3369,4260.9068,4260.9068,
8/16/2024 5:35:00 AM,05CPPC_U01,N,N,N,4255.8277,4255.8277,4482.1891,4255.8277,4255.8277,
8/16/2024 5:35:00 AM,05CPPC_U02,N,N,N,4255.8277,4255.8277,4482.1891,4255.8277,4255.8277,
8/16/2024 5:35:00 AM,05CPPC_U03,N,N,N,4255.8277,4255.8277,4482.1891,4255.8277,4255.8277,
8/16/2024 5:35:00 AM,05CPPC_U04,N,N,N,4255.8277,4255.8277,4482.1891,4255.8277,4255.8277,
8/16/2024 5:35:00 AM,05CPPC_U05,N,N,N,4255.8277,4255.8277,4482.1891,4255.8277,4255.8277,
8/16/2024 5:35:00 AM,05CPPC_U06,N,N,N,4255.8277,4255.8277,4482.1891,4255.8277,4255.8277,
8/16/2024 5:35:00 AM,05CPPC_U07,N,N,N,4255.8277,4255.8277,4482.1891,4255.8277,4255.8277,
8/16/2024 5:35:00 AM,05CPPC_U08,N,N,N,4255.8277,4255.8277,4482.1891,4255.8277,4255.8277,
8/16/2024 5:35:00 AM,05CPPC_U09,N,N,N,4255.8277,4255.8277,4482.1891,4255.8277,4255.8277,
8/16/2024 5:35:00 AM,05CPPC_U10,N,N,N,4255.8277,4255.8277,4482.1891,4255.8277,4255.8277,
8/16/2024 5:35:00 AM,05DAANB_SS,N,N,N,4243.5533,4243.5533,4755.3369,4243.5533,4243.5533,
8/16/2024 5:35:00 AM,05DMAN_SS,N,N,N,4205.4604,4205.4604,4755.3369,4205.4604,4205.4604,
8/16/2024 5:35:00 AM,05DMA_L01,N,N,N,4199.1116,4199.1116,4755.3369,4199.1116,4199.1116,
8/16/2024 5:35:00 AM,05EAUC_U01,N,N,N,4286.7253,4286.7253,4517.3153,4286.7253,4286.7253,
8/16/2024 5:35:00 AM,05EAUC_U02,N,N,N,4286.7253,4286.7253,4517.3153,4286.7253,4286.7253,
8/16/2024 5:35:00 AM,05EAUC_U03,N,N,N,4286.7253,4286.7253,4517.3153,4286.7253,4286.7253,
8/16/2024 5:35:00 AM,05EAUC_U04,N,N,N,4286.7253,4286.7253,4517.3153,4286.7253,4286.7253,
8/16/2024 5:35:00 AM,05KSPC_G01,N,N,N,4229.5859,4229.5859,4505.0438,4229.5859,4229.5859,
8/16/2024 5:35:00 AM,05KSPC_G02,N,N,N,4229.5859,4229.5859,3952.2458,4229.5859,4229.5859,
8/16/2024 5:35:00 AM,05KSPC_SS1,N,N,N,4229.5859,4229.5859,4755.3369,4229.5859,4229.5859,
8/16/2024 5:35:00 AM,05KSPC_SS2,N,N,N,4229.5859,4229.5859,4755.3369,4229.5859,4229.5859,
8/16/2024 5:35:00 AM,05LAPU_SS,N,N,N,4284.6091,4284.6091,4755.3369,4284.6091,4284.6091,
8/16/2024 5:35:00 AM,05MCTAN_T1L1,N,N,N,4286.7253,4286.7253,4755.3369,4286.7253,4286.7253,
8/16/2024 5:35:00 AM,05MNDUE_SS,N,N,N,4279.9532,4279.9532,4755.3369,4279.9532,4279.9532,
8/16/2024 5:35:00 AM,05MNDUE_T1L1,N,N,N,4281.6463,4281.6463,4755.3369,4281.6463,4281.6463,
8/16/2024 5:35:00 AM,05MNDUE_T1L2,N,N,N,4281.6463,4281.6463,4755.3369,4281.6463,4281.6463,
8/16/2024 5:35:00 AM,05MNDUE_T1L4,N,N,N,4281.6463,4281.6463,4755.3369,4281.6463,4281.6463,
8/16/2024 5:35:00 AM,05MNDUE_T1L5,N,N,N,4281.6463,4281.6463,4755.3369,4281.6463,4281.6463,
8/16/2024 5:35:00 AM,05NAGA_T1L1,N,N,N,4232.5487,4232.5487,4755.3369,4232.5487,4232.5487,
8/16/2024 5:35:00 AM,05NAGA_T2L2,N,N,N,4232.5487,4232.5487,4755.3369,4232.5487,4232.5487,
8/16/2024 5:35:00 AM,05NAGLES_L01,N,N,N,4241.8603,4241.8603,4755.3369,4241.8603,4241.8603,
8/16/2024 5:35:00 AM,05NNAGVE_L01,N,N,N,4232.5487,4232.5487,4755.3369,4232.5487,4232.5487,
8/16/2024 5:35:00 AM,05NNAGVE_L02,N,N,N,4232.5487,4232.5487,4755.3369,4232.5487,4232.5487,
8/16/2024 5:35:00 AM,05QUIOT_T1L1,N,N,N,4255.8277,4255.8277,4755.3369,4255.8277,4255.8277,
8/16/2024 5:35:00 AM,05SAMB_L01,N,N,N,4137.3164,4137.3164,4755.3369,4137.3164,4137.3164,
8/16/2024 5:35:00 AM,05SAMB_L02,N,N,N,4232.5487,4232.5487,4755.3369,4232.5487,4232.5487,
8/16/2024 5:35:00 AM,05SAMB_SS,N,N,N,4137.3164,4137.3164,4755.3369,4137.3164,4137.3164,
8/16/2024 5:35:00 AM,05TALATR1_SS,N,N,N,4203.7674,4203.7674,4755.3369,4203.7674,4203.7674,
8/16/2024 5:35:00 AM,05TALAV_SS,N,N,N,4203.3441,4203.3441,4755.3369,4203.3441,4203.3441,
8/16/2024 5:35:00 AM,05TALAV_T1L1,N,N,N,4203.7674,4203.7674,4755.3369,4203.7674,4203.7674,
8/16/2024 5:35:00 AM,05TALIS_T1L1,N,N,N,4232.5487,4232.5487,4755.3369,4232.5487,4232.5487,
8/16/2024 5:35:00 AM,05THVI_SS1,N,N,N,4212.2325,4212.2325,4755.3369,4212.2325,4212.2325,
8/16/2024 5:35:00 AM,05THVI_SS2,N,N,N,4212.2325,4212.2325,4755.3369,4212.2325,4212.2325,
8/16/2024 5:35:00 AM,05THVI_U01,N,N,N,4212.2325,4212.2325,4416.2230,4212.2325,4212.2325,
8/16/2024 5:35:00 AM,05THVI_U02,N,N,N,4212.2325,4212.2325,4419.2676,4212.2325,4212.2325,
8/16/2024 5:35:00 AM,05TOLEDO_BAT,N,N,N,4203.7674,4203.7674,4408.8926,4203.7674,4203.7674,
8/16/2024 5:35:00 AM,05TOLSOL_G01,N,N,N,4203.7674,4203.7674,4408.8926,4203.7674,4203.7674,
8/16/2024 5:35:00 AM,05TOL_CARMEN,N,N,N,4225.3534,4225.3534,4755.3369,4225.3534,4225.3534,
8/16/2024 5:35:00 AM,05TPC_G01,N,N,N,4225.3534,4225.3534,4424.8472,4225.3534,4225.3534,
8/16/2024 5:35:00 AM,05TPC_G02,N,N,N,4225.3534,4225.3534,4441.0556,4225.3534,4225.3534,
8/16/2024 5:35:00 AM,05TPC_L01,N,N,N,4225.3534,4225.3534,4755.3369,4225.3534,4225.3534,
8/16/2024 5:35:00 AM,05TPC_S01,N,N,N,4225.3534,4225.3534,4755.3369,4225.3534,4225.3534,
8/16/2024 5:35:00 AM,05TPC_S02,N,N,N,4225.3534,4225.3534,4755.3369,4225.3534,4225.3534,
8/16/2024 5:35:00 AM,05TPVI_U01,N,N,N,4232.5487,4232.5487,4454.7792,4232.5487,4232.5487,
8/16/2024 5:35:00 AM,05TPVI_U02,N,N,N,4232.5487,4232.5487,4454.7792,4232.5487,4232.5487,
8/16/2024 5:35:00 AM,05TPVI_U03,N,N,N,4232.5487,4232.5487,4454.7792,4232.5487,4232.5487,
8/16/2024 5:35:00 AM,05TPVI_U04,N,N,N,4232.5487,4232.5487,4454.7792,4232.5487,4232.5487,
8/16/2024 5:35:00 AM,05TPVI_U05,N,N,N,4232.5487,4232.5487,4454.7792,4232.5487,4232.5487,
8/16/2024 5:35:00 AM,05TPVI_U06,N,N,N,4232.5487,4232.5487,4454.7792,4232.5487,4232.5487,
8/16/2024 5:35:00 AM,06AMLAN_SS,N,N,N,4094.9909,4094.9909,4755.3369,4094.9909,4094.9909,
8/16/2024 5:35:00 AM,06AMLAN_T1L1,N,N,N,4096.6839,4096.6839,4755.3369,4096.6839,4096.6839,
8/16/2024 5:35:00 AM,06AMLAN_T2L2,N,N,N,4096.6839,4096.6839,4755.3369,4096.6839,4096.6839,
8/16/2024 5:35:00 AM,06AMLA_G01,N,N,N,4096.6839,4096.6839,4285.7281,4096.6839,4096.6839,
8/16/2024 5:35:00 AM,06BACOL_SS,N,N,N,4257.5207,4257.5207,4755.3369,4257.5207,4257.5207,
8/16/2024 5:35:00 AM,06BACOL_T1L1,N,N,N,4256.2510,4256.2510,4755.3369,4256.2510,4256.2510,
8/16/2024 5:35:00 AM,06BACOL_T1L2,N,N,N,4256.2510,4256.2510,4755.3369,4256.2510,4256.2510,
8/16/2024 5:35:00 AM,06BACOL_T2L2,N,N,N,4256.2510,4256.2510,4755.3369,4256.2510,4256.2510,
8/16/2024 5:35:00 AM,06BACOL_T3L3,N,N,N,4256.2510,4256.2510,4755.3369,4256.2510,4256.2510,
8/16/2024 5:35:00 AM,06BBGPP_G01,N,N,N,4253.7114,4253.7114,4954.5865,4253.7114,4253.7114,
8/16/2024 5:35:00 AM,06BBGPP_L01,N,N,N,4253.7114,4253.7114,4755.3369,4253.7114,4253.7114,
8/16/2024 5:35:00 AM,06BCLBAS_LD1,N,N,N,4256.2510,4256.2510,4755.3369,4256.2510,4256.2510,
8/16/2024 5:35:00 AM,06BCL_SS,N,N,N,4257.5207,4257.5207,4755.3369,4257.5207,4257.5207,
8/16/2024 5:35:00 AM,06BISCOM_G01,N,N,N,4218.5813,4218.5813,4414.3489,4218.5813,4218.5813,
8/16/2024 5:35:00 AM,06CABI_G01,N,N,N,4096.6839,4096.6839,4285.7281,4096.6839,4096.6839,
8/16/2024 5:35:00 AM,06CADIZL_SS,N,N,N,4243.1301,4243.1301,4755.3369,4243.1301,4243.1301,
8/16/2024 5:35:00 AM,06CADIZL_T1L1,N,N,N,4243.1301,4243.1301,4755.3369,4243.1301,4243.1301,
8/16/2024 5:35:00 AM,06CADIZL_T1L2,N,N,N,4243.1301,4243.1301,4755.3369,4243.1301,4243.1301,
8/16/2024 5:35:00 AM,06CADIZL_T1L3,N,N,N,4243.1301,4243.1301,4755.3369,4243.1301,4243.1301,
8/16/2024 5:35:00 AM,06CADIZL_T1L4,N,N,N,4243.1301,4243.1301,4755.3369,4243.1301,4243.1301,
8/16/2024 5:35:00 AM,06CARSOL_G01,N,N,N,4256.2510,4256.2510,4459.0848,4256.2510,4256.2510,
8/16/2024 5:35:00 AM,06CAY_SS,N,N,N,4227.4696,4227.4696,4755.3369,4227.4696,4227.4696,
8/16/2024 5:35:00 AM,06CENPRI_U01,N,N,N,4256.2510,4256.2510,4459.0848,4256.2510,4256.2510,
8/16/2024 5:35:00 AM,06CENPRI_U02,N,N,N,4256.2510,4256.2510,4459.0848,4256.2510,4256.2510,
8/16/2024 5:35:00 AM,06CENPRI_U03,N,N,N,4256.2510,4256.2510,4459.0848,4256.2510,4256.2510,
8/16/2024 5:35:00 AM,06CENPRI_U04,N,N,N,4256.2510,4256.2510,4459.0848,4256.2510,4256.2510,
8/16/2024 5:35:00 AM,06CENPRI_U05,N,N,N,4256.2510,4256.2510,4459.0848,4256.2510,4256.2510,
8/16/2024 5:35:00 AM,06CLTRAVA_SS,N,N,N,4227.4696,4227.4696,4755.3369,4227.4696,4227.4696,
8/16/2024 5:35:00 AM,06FFHC_G01,N,N,N,4243.1301,4243.1301,4448.9986,4243.1301,4243.1301,
8/16/2024 5:35:00 AM,06GAHIT_SS,N,N,N,4249.9022,4249.9022,4755.3369,4249.9022,4249.9022,
8/16/2024 5:35:00 AM,06HELIOS_G01,N,N,N,4243.1301,4243.1301,4449.1486,4243.1301,4243.1301,
8/16/2024 5:35:00 AM,06HELIOS_S01,N,N,N,4243.1301,4243.1301,4755.3369,4243.1301,4243.1301,
8/16/2024 5:35:00 AM,06HPCO_G01,N,N,N,4232.5487,4232.5487,4454.7792,4232.5487,4232.5487,
8/16/2024 5:35:00 AM,06HPCO_G02,N,N,N,4232.5487,4232.5487,4454.7792,4232.5487,4232.5487,
8/16/2024 5:35:00 AM,06KABAN_BAT,N,N,N,4222.8138,4222.8138,4290.1958,4222.8138,4222.8138,
8/16/2024 5:35:00 AM,06KABAN_L01,N,N,N,4222.8138,4222.8138,4755.3369,4222.8138,4222.8138,
8/16/2024 5:35:00 AM,06KABAN_SS,N,N,N,4222.8138,4222.8138,4755.3369,4222.8138,4222.8138,
8/16/2024 5:35:00 AM,06KABAN_T1L1,N,N,N,4218.5813,4218.5813,4755.3369,4218.5813,4218.5813,
8/16/2024 5:35:00 AM,06KABAN_T2L2,N,N,N,4218.5813,4218.5813,4755.3369,4218.5813,4218.5813,
8/16/2024 5:35:00 AM,06MABIN_SS,N,N,N,4154.2466,4154.2466,4755.3369,4154.2466,4154.2466,
8/16/2024 5:35:00 AM,06MABIN_T1L1,N,N,N,4153.8233,4153.8233,4755.3369,4153.8233,4153.8233,
8/16/2024 5:35:00 AM,06MABIN_T2L2,N,N,N,4153.8233,4153.8233,4755.3369,4153.8233,4153.8233,
8/16/2024 5:35:00 AM,06MANSOL_G01,N,N,N,4243.1301,4243.1301,4448.9986,4243.1301,4243.1301,
8/16/2024 5:35:00 AM,06MNTSOL_G01,N,N,N,4096.6839,4096.6839,4285.7281,4096.6839,4096.6839,
8/16/2024 5:35:00 AM,06NASULO_G01,N,N,N,4053.9351,4053.9351,4242.3271,4053.9351,4053.9351,
8/16/2024 5:35:00 AM,06NTNEGB_G01,N,N,N,4232.5487,4232.5487,4454.7792,4232.5487,4232.5487,
8/16/2024 5:35:00 AM,06PAL1A_G01,N,N,N,4056.8979,4056.8979,4292.7903,4056.8979,4056.8979,
8/16/2024 5:35:00 AM,06PAL1A_SS,N,N,N,4058.1677,4058.1677,4755.3369,4058.1677,4058.1677,
8/16/2024 5:35:00 AM,06PAL2A_U01,N,N,N,4054.3584,4054.3584,4249.5987,4054.3584,4054.3584,
8/16/2024 5:35:00 AM,06PAL2A_U02,N,N,N,4053.9351,4053.9351,4244.1440,4053.9351,4053.9351,
8/16/2024 5:35:00 AM,06PAL2A_U03,N,N,N,4053.9351,4053.9351,3882.3445,4053.9351,4053.9351,
8/16/2024 5:35:00 AM,06PAL2A_U04,N,N,N,4232.5487,4232.5487,4457.3256,4232.5487,4232.5487,
8/16/2024 5:35:00 AM,06PGPP2_SS,N,N,N,4055.2049,4055.2049,4755.3369,4055.2049,4055.2049,
8/16/2024 5:35:00 AM,06SACASL_G01,N,N,N,4227.4696,4227.4696,4433.0417,4227.4696,4227.4696,
8/16/2024 5:35:00 AM,06SACASL_G02,N,N,N,4227.4696,4227.4696,4433.0417,4227.4696,4227.4696,
8/16/2024 5:35:00 AM,06SACSUN_G01,N,N,N,4227.4696,4227.4696,4432.8917,4227.4696,4227.4696,
8/16/2024 5:35:00 AM,06SCBE_G01,N,N,N,4243.1301,4243.1301,4448.9986,4243.1301,4243.1301,
8/16/2024 5:35:00 AM,06SCBIOP_G01,N,N,N,4232.5487,4232.5487,4941.5849,4232.5487,4232.5487,
8/16/2024 5:35:00 AM,06SLYSOL_G01,N,N,N,4256.2510,4256.2510,4459.0848,4256.2510,4256.2510,
8/16/2024 5:35:00 AM,06SNCARLOS_SS,N,N,N,4227.4696,4227.4696,4755.3369,4227.4696,4227.4696,
8/16/2024 5:35:00 AM,06STNEGB_G01,N,N,N,4232.5487,4232.5487,4454.7792,4232.5487,4232.5487,
8/16/2024 5:35:00 AM,06URC_G01,N,N,N,4153.8233,4153.8233,4345.3182,4153.8233,4153.8233,
8/16/2024 5:35:00 AM,06VMC_G01,N,N,N,4232.5487,4232.5487,4454.7792,4232.5487,4232.5487,
8/16/2024 5:35:00 AM,06VMC_G02,N,N,N,4256.2510,4256.2510,4459.0848,4256.2510,4256.2510,
8/16/2024 5:35:00 AM,07BDPP_U01,N,N,N,4231.2789,4231.2789,5434.6036,4231.2789,4231.2789,
8/16/2024 5:35:00 AM,07BDPP_U02,N,N,N,4231.2789,4231.2789,5434.6036,4231.2789,4231.2789,
8/16/2024 5:35:00 AM,07BDPP_U03,N,N,N,4231.2789,4231.2789,5434.6036,4231.2789,4231.2789,
8/16/2024 5:35:00 AM,07BDPP_U04,N,N,N,4231.2789,4231.2789,5434.6036,4231.2789,4231.2789,
8/16/2024 5:35:00 AM,07BOHOL_T1L1,N,N,N,4321.0090,4321.0090,4755.3369,4321.0090,4321.0090,
8/16/2024 5:35:00 AM,07BOHOL_T4L4,N,N,N,4321.0090,4321.0090,4755.3369,4321.0090,4321.0090,
8/16/2024 5:35:00 AM,07COREL_T1L1,N,N,N,4231.2789,4231.2789,4755.3369,4231.2789,4231.2789,
8/16/2024 5:35:00 AM,07COREL_T1L2,N,N,N,4231.2789,4231.2789,4755.3369,4231.2789,4231.2789,
8/16/2024 5:35:00 AM,07COREL_T1L3,N,N,N,4231.2789,4231.2789,4755.3369,4231.2789,4231.2789,
8/16/2024 5:35:00 AM,07CRA_SS,N,N,N,4232.5487,4232.5487,4755.3369,4232.5487,4232.5487,
8/16/2024 5:35:00 AM,07JANOPO_G01,N,N,N,4231.2789,4231.2789,5434.6036,4231.2789,4231.2789,
8/16/2024 5:35:00 AM,07LOBOC_G01,N,N,N,4231.2789,4231.2789,5761.1735,4231.2789,4231.2789,
8/16/2024 5:35:00 AM,07LOBOC_G02,N,N,N,4231.2789,4231.2789,5990.6466,4231.2789,4231.2789,
8/16/2024 5:35:00 AM,07SEVILL_G01,N,N,N,4231.2789,4231.2789,6014.6384,4231.2789,4231.2789,
8/16/2024 5:35:00 AM,07TPLPB4_U01,N,N,N,4320.5857,4320.5857,3230.8478,4320.5857,4320.5857,
8/16/2024 5:35:00 AM,07TPLPB4_U02,N,N,N,4320.5857,4320.5857,3230.8478,4320.5857,4320.5857,
8/16/2024 5:35:00 AM,07TPLPB4_U03,N,N,N,4320.5857,4320.5857,3230.8478,4320.5857,4320.5857,
8/16/2024 5:35:00 AM,07TPLPB4_U04,N,N,N,4320.5857,4320.5857,3230.8478,4320.5857,4320.5857,
8/16/2024 5:35:00 AM,07UBAY_BAT,N,N,N,4321.0090,4321.0090,5266.6615,4321.0090,4321.0090,
8/16/2024 5:35:00 AM,07UBAY_T1L1,N,N,N,4321.0090,4321.0090,4755.3369,4321.0090,4321.0090,
8/16/2024 5:35:00 AM,07UBAY_T2L2,N,N,N,4321.0090,4321.0090,4755.3369,4321.0090,4321.0090,
8/16/2024 5:35:00 AM,07UBAY_T3L3,N,N,N,4320.5857,4320.5857,4755.3369,4320.5857,4320.5857,
8/16/2024 5:35:00 AM,08BANTAP_L01,N,N,N,4411.1623,4411.1623,4755.3369,4411.1623,4411.1623,
8/16/2024 5:35:00 AM,08BARO_SS,N,N,N,4250.3254,4250.3254,4755.3369,4250.3254,4250.3254,
8/16/2024 5:35:00 AM,08BARTAC_L01,N,N,N,4232.5487,4232.5487,4755.3369,4232.5487,4232.5487,
8/16/2024 5:35:00 AM,08BARTAC_SS,N,N,N,4250.3254,4250.3254,4755.3369,4250.3254,4250.3254,
8/16/2024 5:35:00 AM,08BVISTA_L01,N,N,N,4419.2041,4419.2041,4755.3369,4419.2041,4419.2041,
8/16/2024 5:35:00 AM,08BVISTA_L02,N,N,N,4419.2041,4419.2041,4755.3369,4419.2041,4419.2041,
8/16/2024 5:35:00 AM,08CASA_G01,N,N,N,4312.9671,4312.9671,4496.6156,4312.9671,4312.9671,
8/16/2024 5:35:00 AM,08CASA_G02,N,N,N,4312.9671,4312.9671,4496.6156,4312.9671,4312.9671,
8/16/2024 5:35:00 AM,08CONCP_T1L1,N,N,N,4213.9255,4213.9255,4755.3369,4213.9255,4213.9255,
8/16/2024 5:35:00 AM,08COSMO_G01,N,N,N,4324.8183,4324.8183,4494.4425,4324.8183,4324.8183,
8/16/2024 5:35:00 AM,08DINGL_SS,N,N,N,4312.9671,4312.9671,4755.3369,4312.9671,4312.9671,
8/16/2024 5:35:00 AM,08DINGL_T1L1,N,N,N,4312.9671,4312.9671,4755.3369,4312.9671,4312.9671,
8/16/2024 5:35:00 AM,08DINGL_T1L2,N,N,N,4312.9671,4312.9671,4755.3369,4312.9671,4312.9671,
8/16/2024 5:35:00 AM,08DINGL_T1L3,N,N,N,4312.9671,4312.9671,4755.3369,4312.9671,4312.9671,
8/16/2024 5:35:00 AM,08DINGL_T1L4,N,N,N,4312.9671,4312.9671,4755.3369,4312.9671,4312.9671,
8/16/2024 5:35:00 AM,08DINGL_T2L1,N,N,N,4312.9671,4312.9671,4755.3369,4312.9671,4312.9671,
8/16/2024 5:35:00 AM,08DINGL_T2L2,N,N,N,4312.9671,4312.9671,4755.3369,4312.9671,4312.9671,
8/16/2024 5:35:00 AM,08GLOBAL_G01,N,N,N,4483.1156,4483.1156,4609.0414,4483.1156,4483.1156,
8/16/2024 5:35:00 AM,08NABASDPP_U01,N,N,N,4483.1156,4483.1156,4609.0414,4483.1156,4483.1156,
8/16/2024 5:35:00 AM,08NABASDPP_U02,N,N,N,4483.1156,4483.1156,4609.0414,4483.1156,4483.1156,
8/16/2024 5:35:00 AM,08NABAS_L01,N,N,N,4483.1156,4483.1156,4755.3369,4483.1156,4483.1156,
8/16/2024 5:35:00 AM,08NABAS_L02,N,N,N,4483.1156,4483.1156,4755.3369,4483.1156,4483.1156,
8/16/2024 5:35:00 AM,08NABAS_L03,N,N,N,4483.1156,4483.1156,4755.3369,4483.1156,4483.1156,
8/16/2024 5:35:00 AM,08NABAS_SS,N,N,N,4483.5388,4483.5388,4755.3369,4483.5388,4483.5388,
8/16/2024 5:35:00 AM,08PALM_G01,N,N,N,4213.9255,4213.9255,4370.3995,4213.9255,4213.9255,
8/16/2024 5:35:00 AM,08PALM_S01,N,N,N,4213.9255,4213.9255,4755.3369,4213.9255,4213.9255,
8/16/2024 5:35:00 AM,08PANIT_SS,N,N,N,4397.6181,4397.6181,4755.3369,4397.6181,4397.6181,
8/16/2024 5:35:00 AM,08PANIT_T1L1,N,N,N,4397.1948,4397.1948,4755.3369,4397.1948,4397.1948,
8/16/2024 5:35:00 AM,08PANIT_T2L2,N,N,N,4397.1948,4397.1948,4755.3369,4397.1948,4397.1948,
8/16/2024 5:35:00 AM,08PDPP1_U02,N,N,N,4312.9671,4312.9671,4496.7656,4312.9671,4312.9671,
8/16/2024 5:35:00 AM,08PDPP1_U03,N,N,N,4312.9671,4312.9671,4496.7656,4312.9671,4312.9671,
8/16/2024 5:35:00 AM,08PDPP1_U05,N,N,N,4312.9671,4312.9671,3035.7235,4312.9671,4312.9671,
8/16/2024 5:35:00 AM,08PDPP3_C,N,N,N,4312.9671,4312.9671,3035.7235,4312.9671,4312.9671,
8/16/2024 5:35:00 AM,08PDPP3_E,N,N,N,4312.9671,4312.9671,4496.7656,4312.9671,4312.9671,
8/16/2024 5:35:00 AM,08PDPP3_G,N,N,N,4312.9671,4312.9671,4496.7656,4312.9671,4312.9671,
8/16/2024 5:35:00 AM,08PDPP3_H,N,N,N,4312.9671,4312.9671,4496.7656,4312.9671,4312.9671,
8/16/2024 5:35:00 AM,08PDPP3_S01,N,N,N,4312.9671,4312.9671,4755.3369,4312.9671,4312.9671,
8/16/2024 5:35:00 AM,08PEDC_SS1,N,N,N,4254.1347,4254.1347,4755.3369,4254.1347,4254.1347,
8/16/2024 5:35:00 AM,08PEDC_SS2,N,N,N,4254.1347,4254.1347,4755.3369,4254.1347,4254.1347,
8/16/2024 5:35:00 AM,08PEDC_SS3,N,N,N,4254.5580,4254.5580,4755.3369,4254.5580,4254.5580,
8/16/2024 5:35:00 AM,08PEDC_T1L1,N,N,N,4254.9812,4254.9812,4755.3369,4254.9812,4254.9812,
8/16/2024 5:35:00 AM,08PEDC_T1L2,N,N,N,4255.4045,4255.4045,4755.3369,4255.4045,4255.4045,
8/16/2024 5:35:00 AM,08PEDC_U01,N,N,N,4254.1347,4254.1347,4535.6365,4254.1347,4254.1347,
8/16/2024 5:35:00 AM,08PEDC_U02,N,N,N,4254.1347,4254.1347,4411.1246,4254.1347,4254.1347,
8/16/2024 5:35:00 AM,08PEDC_U03,N,N,N,4254.5580,4254.5580,4484.3294,4254.5580,4254.5580,
8/16/2024 5:35:00 AM,08PWIND_G01,N,N,N,4483.1156,4483.1156,4253.2378,4483.1156,4483.1156,
8/16/2024 5:35:00 AM,08PWIND_G02,N,N,N,4483.1156,4483.1156,4960.3157,4483.1156,4483.1156,
8/16/2024 5:35:00 AM,08SLWIND_G01,N,N,N,4419.2041,4419.2041,3771.9903,4419.2041,4419.2041,
8/16/2024 5:35:00 AM,08SLWIND_L01,N,N,N,4419.2041,4419.2041,4755.3369,4419.2041,4419.2041,
8/16/2024 5:35:00 AM,08SNJOSE_L01,N,N,N,4324.8183,4324.8183,4755.3369,4324.8183,4324.8183,
8/16/2024 5:35:00 AM,08SNJOSE_L02,N,N,N,4324.8183,4324.8183,4755.3369,4324.8183,4324.8183,
8/16/2024 5:35:00 AM,08SNJOSE_L03,N,N,N,4324.8183,4324.8183,4755.3369,4324.8183,4324.8183,
8/16/2024 5:35:00 AM,08STBAR_SS1,N,N,N,4300.6927,4300.6927,4755.3369,4300.6927,4300.6927,
8/16/2024 5:35:00 AM,08STBAR_SS2,N,N,N,4299.8462,4299.8462,4755.3369,4299.8462,4299.8462,
8/16/2024 5:35:00 AM,08STBAR_SS3,N,N,N,4299.4230,4299.4230,4755.3369,4299.4230,4299.4230,
8/16/2024 5:35:00 AM,08STBAR_T1L1,N,N,N,4299.8462,4299.8462,4755.3369,4299.8462,4299.8462,
8/16/2024 5:35:00 AM,08STBAR_T2L2,N,N,N,4299.4230,4299.4230,4755.3369,4299.4230,4299.4230,
8/16/2024 5:35:00 AM,08STBPB1_U01,N,N,N,4299.8462,4299.8462,4481.8007,4299.8462,4299.8462,
8/16/2024 5:35:00 AM,08STBPB1_U02,N,N,N,4299.8462,4299.8462,4481.8007,4299.8462,4299.8462,
8/16/2024 5:35:00 AM,08STBPB1_U03,N,N,N,4299.8462,4299.8462,4481.8007,4299.8462,4299.8462,
8/16/2024 5:35:00 AM,08STBPB1_U04,N,N,N,4299.8462,4299.8462,4481.8007,4299.8462,4299.8462,
8/16/2024 5:35:00 AM,08SUWECO_G01,N,N,N,4299.4230,4299.4230,4479.6195,4299.4230,4299.4230,
8/16/2024 5:35:00 AM,08TIMBA_G01,N,N,N,4483.1156,4483.1156,4647.1812,4483.1156,4483.1156,
8/16/2024 5:35:00 AM,09AURORA_SS,N,N,N,3035.4659,3035.4659,3723.1002,3035.4659,3035.4659,
8/16/2024 5:35:00 AM,09CLB_T1L1,N,N,N,3036.0541,3036.0541,3723.1002,3036.0541,3036.0541,
8/16/2024 5:35:00 AM,09JIMDSL_U01,N,N,N,3036.0541,3036.0541,3101.3064,3036.0541,3036.0541,
8/16/2024 5:35:00 AM,09JIMDSL_U02,N,N,N,3036.0541,3036.0541,3101.3064,3036.0541,3036.0541,
8/16/2024 5:35:00 AM,09KAP_T1L1,N,N,N,3036.0541,3036.0541,3723.1002,3036.0541,3036.0541,
8/16/2024 5:35:00 AM,09LALA_SS,N,N,N,2959.0058,2959.0058,3723.1002,2959.0058,2959.0058,
8/16/2024 5:35:00 AM,09LIBPOWR_G01,N,N,N,2940.7730,2940.7730,3031.0685,2940.7730,2940.7730,
8/16/2024 5:35:00 AM,09MHY_T1L1,N,N,N,3036.0541,3036.0541,3723.1002,3036.0541,3036.0541,
8/16/2024 5:35:00 AM,09MLS_T1L1,N,N,N,3301.0177,3301.0177,3723.1002,3301.0177,3301.0177,
8/16/2024 5:35:00 AM,09NAGA_SS,N,N,N,3300.1355,3300.1355,3723.1002,3300.1355,3300.1355,
8/16/2024 5:35:00 AM,09PANABNK_U01,N,N,N,3036.0541,3036.0541,3101.3064,3036.0541,3036.0541,
8/16/2024 5:35:00 AM,09PANABNK_U02,N,N,N,3036.0541,3036.0541,3101.3064,3036.0541,3036.0541,
8/16/2024 5:35:00 AM,09PITOGO_SS,N,N,N,3496.2850,3496.2850,3723.1002,3496.2850,3496.2850,
8/16/2024 5:35:00 AM,09POLAN_SS,N,N,N,3081.3420,3081.3420,3723.1002,3081.3420,3081.3420,
8/16/2024 5:35:00 AM,09RXS_T2L1,N,N,N,3081.3420,3081.3420,3723.1002,3081.3420,3081.3420,
8/16/2024 5:35:00 AM,09SANGALI_BAT,N,N,N,3470.4062,3470.4062,3500.9236,3470.4062,3470.4062,
8/16/2024 5:35:00 AM,09SJG_T1L1,N,N,N,3495.4028,3495.4028,3723.1002,3495.4028,3495.4028,
8/16/2024 5:35:00 AM,09SML_T1L1,N,N,N,3036.0541,3036.0541,3723.1002,3036.0541,3036.0541,
8/16/2024 5:35:00 AM,09SRW_T1L1,N,N,N,3301.0177,3301.0177,3723.1002,3301.0177,3301.0177,
8/16/2024 5:35:00 AM,09TMG_T1L1,N,N,N,3495.4028,3495.4028,3723.1002,3495.4028,3495.4028,
8/16/2024 5:35:00 AM,09TMG_T2L1,N,N,N,3470.4062,3470.4062,3723.1002,3470.4062,3470.4062,
8/16/2024 5:35:00 AM,09TUL_T1L1,N,N,N,3495.4028,3495.4028,3723.1002,3495.4028,3495.4028,
8/16/2024 5:35:00 AM,09WMPC_S01,N,N,N,3470.4062,3470.4062,3723.1002,3470.4062,3470.4062,
8/16/2024 5:35:00 AM,09WMPC_U01,N,N,N,3470.4062,3470.4062,3500.9236,3470.4062,3470.4062,
8/16/2024 5:35:00 AM,09WMPC_U02,N,N,N,3470.4062,3470.4062,3500.9236,3470.4062,3470.4062,
8/16/2024 5:35:00 AM,09WMPC_U03,N,N,N,3470.4062,3470.4062,3500.9236,3470.4062,3470.4062,
8/16/2024 5:35:00 AM,09WMPC_U04,N,N,N,3470.4062,3470.4062,3500.9236,3470.4062,3470.4062,
8/16/2024 5:35:00 AM,09WMPC_U05,N,N,N,3470.4062,3470.4062,3500.9236,3470.4062,3470.4062,
8/16/2024 5:35:00 AM,09WMPC_U06,N,N,N,3470.4062,3470.4062,3500.9236,3470.4062,3470.4062,
8/16/2024 5:35:00 AM,09WMPC_U07,N,N,N,3470.4062,3470.4062,3500.9236,3470.4062,3470.4062,
8/16/2024 5:35:00 AM,09WMPC_U08,N,N,N,3470.4062,3470.4062,3500.9236,3470.4062,3470.4062,
8/16/2024 5:35:00 AM,09WMPC_U09,N,N,N,3470.4062,3470.4062,3500.9236,3470.4062,3470.4062,
8/16/2024 5:35:00 AM,09WMPC_U10,N,N,N,3470.4062,3470.4062,3500.9236,3470.4062,3470.4062,
8/16/2024 5:35:00 AM,09ZAMBO_SS,N,N,N,3470.4062,3470.4062,3723.1002,3470.4062,3470.4062,
8/16/2024 5:35:00 AM,09ZAMSAN_L01,N,N,N,3470.4062,3470.4062,3723.1002,3470.4062,3470.4062,
8/16/2024 5:35:00 AM,10AG6_T2L1,N,N,N,2899.8963,2899.8963,3723.1002,2899.8963,2899.8963,
8/16/2024 5:35:00 AM,10AGUS1_SS,N,N,N,2871.9589,2871.9589,3723.1002,2871.9589,2871.9589,
8/16/2024 5:35:00 AM,10AGUS1_U01,N,N,N,2871.9589,2871.9589,2938.0145,2871.9589,2871.9589,
8/16/2024 5:35:00 AM,10AGUS1_U02,N,N,N,2871.9589,2871.9589,2926.3287,2871.9589,2871.9589,
8/16/2024 5:35:00 AM,10AGUS2_SS,N,N,N,2876.3701,2876.3701,3723.1002,2876.3701,2876.3701,
8/16/2024 5:35:00 AM,10AGUS2_U01,N,N,N,2876.3701,2876.3701,2942.9635,2876.3701,2876.3701,
8/16/2024 5:35:00 AM,10AGUS2_U02,N,N,N,2876.3701,2876.3701,2904.2574,2876.3701,2876.3701,
8/16/2024 5:35:00 AM,10AGUS2_U03,N,N,N,2876.3701,2876.3701,3016.2316,2876.3701,2876.3701,
8/16/2024 5:35:00 AM,10AGUS4_SS,N,N,N,2898.1318,2898.1318,3723.1002,2898.1318,2898.1318,
8/16/2024 5:35:00 AM,10AGUS4_U01,N,N,N,2898.1318,2898.1318,2894.3111,2898.1318,2898.1318,
8/16/2024 5:35:00 AM,10AGUS4_U02,N,N,N,2898.1318,2898.1318,2939.3467,2898.1318,2898.1318,
8/16/2024 5:35:00 AM,10AGUS4_U03,N,N,N,2898.1318,2898.1318,2884.6296,2898.1318,2898.1318,
8/16/2024 5:35:00 AM,10AGUS5_SS,N,N,N,2900.7785,2900.7785,3723.1002,2900.7785,2900.7785,
8/16/2024 5:35:00 AM,10AGUS5_U01,N,N,N,2900.7785,2900.7785,2952.7097,2900.7785,2900.7785,
8/16/2024 5:35:00 AM,10AGUS5_U02,N,N,N,2900.7785,2900.7785,2952.0236,2900.7785,2900.7785,
8/16/2024 5:35:00 AM,10AGUS6_SS,N,N,N,2892.5443,2892.5443,3723.1002,2892.5443,2892.5443,
8/16/2024 5:35:00 AM,10AGUS6_U01,N,N,N,2892.5443,2892.5443,2959.9110,2892.5443,2892.5443,
8/16/2024 5:35:00 AM,10AGUS6_U02,N,N,N,2892.5443,2892.5443,2916.3245,2892.5443,2892.5443,
8/16/2024 5:35:00 AM,10AGUS6_U03,N,N,N,2892.5443,2892.5443,2958.8610,2892.5443,2892.5443,
8/16/2024 5:35:00 AM,10AGUS6_U04,N,N,N,2892.5443,2892.5443,2957.3079,2892.5443,2892.5443,
8/16/2024 5:35:00 AM,10AGUS6_U05,N,N,N,2892.5443,2892.5443,2661.5208,2892.5443,2892.5443,
8/16/2024 5:35:00 AM,10AGUS7_U01,N,N,N,2892.5443,2892.5443,2956.7067,2892.5443,2892.5443,
8/16/2024 5:35:00 AM,10AGUS7_U02,N,N,N,2892.5443,2892.5443,2955.6998,2892.5443,2892.5443,
8/16/2024 5:35:00 AM,10BALOI_L01,N,N,N,2892.5443,2892.5443,3723.1002,2892.5443,2892.5443,
8/16/2024 5:35:00 AM,10BALOI_SS,N,N,N,2916.3646,2916.3646,3723.1002,2916.3646,2916.3646,
8/16/2024 5:35:00 AM,10BUR_T1L1,N,N,N,2892.5443,2892.5443,3723.1002,2892.5443,2892.5443,
8/16/2024 5:35:00 AM,10BUR_T1L2,N,N,N,2892.5443,2892.5443,3723.1002,2892.5443,2892.5443,
8/16/2024 5:35:00 AM,10GNPK_U01,N,N,N,2919.5995,2919.5995,3019.5777,2919.5995,2919.5995,
8/16/2024 5:35:00 AM,10GNPK_U02,N,N,N,2919.5995,2919.5995,3021.0528,2919.5995,2919.5995,
8/16/2024 5:35:00 AM,10GNPK_U03,N,N,N,2919.5995,2919.5995,3019.2055,2919.5995,2919.5995,
8/16/2024 5:35:00 AM,10GNPK_U04,N,N,N,2919.5995,2919.5995,2989.4654,2919.5995,2919.5995,
8/16/2024 5:35:00 AM,10IDPP_G01,N,N,N,2920.4817,2920.4817,2981.0554,2920.4817,2920.4817,
8/16/2024 5:35:00 AM,10IDPP_SS,N,N,N,2920.4817,2920.4817,3723.1002,2920.4817,2920.4817,
8/16/2024 5:35:00 AM,10KAUSWGN_SS,N,N,N,2920.1876,2920.1876,3723.1002,2920.1876,2920.1876,
8/16/2024 5:35:00 AM,10KAU_T1L1,N,N,N,2892.5443,2892.5443,3723.1002,2892.5443,2892.5443,
8/16/2024 5:35:00 AM,10KIW_T1L1,N,N,N,2892.5443,2892.5443,3723.1002,2892.5443,2892.5443,
8/16/2024 5:35:00 AM,10KIW_T2L1,N,N,N,2922.2462,2922.2462,3723.1002,2922.2462,2922.2462,
8/16/2024 5:35:00 AM,10LGAIT_SS,N,N,N,2921.9521,2921.9521,3723.1002,2921.9521,2921.9521,
8/16/2024 5:35:00 AM,10LIAN_G01,N,N,N,2892.5443,2892.5443,2957.7602,2892.5443,2892.5443,
8/16/2024 5:35:00 AM,10MCN_T1L1,N,N,N,2899.8963,2899.8963,3723.1002,2899.8963,2899.8963,
8/16/2024 5:35:00 AM,10MCR_T1L1,N,N,N,2899.8963,2899.8963,3723.1002,2899.8963,2899.8963,
8/16/2024 5:35:00 AM,10MCT_T1L1,N,N,N,2892.5443,2892.5443,3723.1002,2892.5443,2892.5443,
8/16/2024 5:35:00 AM,10MEGC_G01,N,N,N,2892.5443,2892.5443,2957.7602,2892.5443,2892.5443,
8/16/2024 5:35:00 AM,10MLN_T1L1,N,N,N,2872.2530,2872.2530,3723.1002,2872.2530,2872.2530,
8/16/2024 5:35:00 AM,10MPL_T1L1,N,N,N,2892.5443,2892.5443,3723.1002,2892.5443,2892.5443,
8/16/2024 5:35:00 AM,10MRW_T1L1,N,N,N,2872.2530,2872.2530,3723.1002,2872.2530,2872.2530,
8/16/2024 5:35:00 AM,10MRW_T2L1,N,N,N,2899.8963,2899.8963,3723.1002,2899.8963,2899.8963,
8/16/2024 5:35:00 AM,10NUN_T1L2,N,N,N,2892.5443,2892.5443,3723.1002,2892.5443,2892.5443,
8/16/2024 5:35:00 AM,10OPO_T1L1,N,N,N,2922.2462,2922.2462,3723.1002,2922.2462,2922.2462,
8/16/2024 5:35:00 AM,10PAT_T1L1,N,N,N,2922.2462,2922.2462,3723.1002,2922.2462,2922.2462,
8/16/2024 5:35:00 AM,10PGW_T1L1,N,N,N,2922.2462,2922.2462,3723.1002,2922.2462,2922.2462,
8/16/2024 5:35:00 AM,10PLT_T1L1,N,N,N,2920.4817,2920.4817,3723.1002,2920.4817,2920.4817,
8/16/2024 5:35:00 AM,10PLT_T2L1,N,N,N,2922.2462,2922.2462,3723.1002,2922.2462,2922.2462,
8/16/2024 5:35:00 AM,10PPEI_U01,N,N,N,2892.5443,2892.5443,3008.2623,2892.5443,2892.5443,
8/16/2024 5:35:00 AM,10SRZ_T1L1,N,N,N,2899.8963,2899.8963,3723.1002,2899.8963,2899.8963,
8/16/2024 5:35:00 AM,11CDO_T1L1,N,N,N,2960.7703,2960.7703,3723.1002,2960.7703,2960.7703,
8/16/2024 5:35:00 AM,11CRYSSUG_G01,N,N,N,3023.4087,3023.4087,2991.8669,3023.4087,3023.4087,
8/16/2024 5:35:00 AM,11FDC_SS,N,N,N,2924.0106,2924.0106,3723.1002,2924.0106,2924.0106,
8/16/2024 5:35:00 AM,11FDC_U01,N,N,N,2923.4225,2923.4225,2964.3550,2923.4225,2923.4225,
8/16/2024 5:35:00 AM,11FDC_U02,N,N,N,2923.4225,2923.4225,2950.2079,2923.4225,2923.4225,
8/16/2024 5:35:00 AM,11FDC_U03,N,N,N,2923.4225,2923.4225,2984.1766,2923.4225,2923.4225,
8/16/2024 5:35:00 AM,11FGBPC_G01,N,N,N,2946.3605,2946.3605,2982.1730,2946.3605,2946.3605,
8/16/2024 5:35:00 AM,11JASAAN_SS,N,N,N,2956.0650,2956.0650,3723.1002,2956.0650,2956.0650,
8/16/2024 5:35:00 AM,11JASA_BAT,N,N,N,2946.3605,2946.3605,2813.1102,2946.3605,2946.3605,
8/16/2024 5:35:00 AM,11KBSOL_G01,N,N,N,3047.8172,3047.8172,3048.7351,3047.8172,3047.8172,
8/16/2024 5:35:00 AM,11KEGMAR_G01,N,N,N,3023.4087,3023.4087,3027.1234,3023.4087,3023.4087,
8/16/2024 5:35:00 AM,11KIBAWE_SS,N,N,N,3047.8172,3047.8172,3723.1002,3047.8172,3047.8172,
8/16/2024 5:35:00 AM,11KIB_T1L1,N,N,N,3023.4087,3023.4087,3723.1002,3023.4087,3023.4087,
8/16/2024 5:35:00 AM,11KIB_T1L2,N,N,N,3023.4087,3023.4087,3723.1002,3023.4087,3023.4087,
8/16/2024 5:35:00 AM,11KIRAS_G01,N,N,N,2946.3605,2946.3605,2983.3555,2946.3605,2946.3605,
8/16/2024 5:35:00 AM,11KNG_T1L1,N,N,N,2946.3605,2946.3605,3723.1002,2946.3605,2946.3605,
8/16/2024 5:35:00 AM,11LBA_T1L1,N,N,N,2956.0650,2956.0650,3723.1002,2956.0650,2956.0650,
8/16/2024 5:35:00 AM,11LUN_T1L1,N,N,N,2946.3605,2946.3605,3723.1002,2946.3605,2946.3605,
8/16/2024 5:35:00 AM,11MAN1_S01,N,N,N,2946.0664,2946.0664,3723.1002,2946.0664,2946.0664,
8/16/2024 5:35:00 AM,11MAN2_S01,N,N,N,2946.0664,2946.0664,3723.1002,2946.0664,2946.0664,
8/16/2024 5:35:00 AM,11MANFOR_G01,N,N,N,2946.0664,2946.0664,2994.3046,2946.0664,2946.0664,
8/16/2024 5:35:00 AM,11MANFOR_G02,N,N,N,2946.0664,2946.0664,2965.0218,2946.0664,2946.0664,
8/16/2024 5:35:00 AM,11MANOLO_SS,N,N,N,2946.3605,2946.3605,3723.1002,2946.3605,2946.3605,
8/16/2024 5:35:00 AM,11MARAM_SS,N,N,N,3025.4673,3025.4673,3723.1002,3025.4673,3025.4673,
8/16/2024 5:35:00 AM,11MINBAL_G01,N,N,N,2946.3605,2946.3605,2976.4276,2946.3605,2946.3605,
8/16/2024 5:35:00 AM,11MINBU_G01,N,N,N,2946.3605,2946.3605,3029.3231,2946.3605,2946.3605,
8/16/2024 5:35:00 AM,11MLY_T1L1,N,N,N,3023.4087,3023.4087,3723.1002,3023.4087,3023.4087,
8/16/2024 5:35:00 AM,11MNCBLG_G01,N,N,N,2946.3605,2946.3605,3001.9003,2946.3605,2946.3605,
8/16/2024 5:35:00 AM,11MNRGY_G01,N,N,N,2946.3605,2946.3605,2983.3555,2946.3605,2946.3605,
8/16/2024 5:35:00 AM,11MNRGY_G02,N,N,N,2946.3605,2946.3605,2983.3555,2946.3605,2946.3605,
8/16/2024 5:35:00 AM,11MOR_T1L1,N,N,N,2960.7703,2960.7703,3723.1002,2960.7703,2960.7703,
8/16/2024 5:35:00 AM,11NAT_T1L1,N,N,N,2946.3605,2946.3605,3723.1002,2946.3605,2946.3605,
8/16/2024 5:35:00 AM,11NAT_T2L1,N,N,N,2946.3605,2946.3605,3723.1002,2946.3605,2946.3605,
8/16/2024 5:35:00 AM,11NBPC_G01,N,N,N,3023.4087,3023.4087,3027.1234,3023.4087,3023.4087,
8/16/2024 5:35:00 AM,11OPOL_SS,N,N,N,2960.4762,2960.4762,3723.1002,2960.4762,2960.4762,
8/16/2024 5:35:00 AM,11OPO_T1L1,N,N,N,2960.7703,2960.7703,3723.1002,2960.7703,2960.7703,
8/16/2024 5:35:00 AM,11PACERM_G01,N,N,N,2960.7703,2960.7703,3006.2909,2960.7703,2960.7703,
8/16/2024 5:35:00 AM,11PAL_T1L1,N,N,N,3047.8172,3047.8172,3723.1002,3047.8172,3047.8172,
8/16/2024 5:35:00 AM,11PG4_T1L1,N,N,N,3023.4087,3023.4087,3723.1002,3023.4087,3023.4087,
8/16/2024 5:35:00 AM,11PKBUK_G01,N,N,N,2946.3605,2946.3605,2983.3555,2946.3605,2946.3605,
8/16/2024 5:35:00 AM,11PULA4_U01,N,N,N,3022.8206,3022.8206,3035.1574,3022.8206,3022.8206,
8/16/2024 5:35:00 AM,11PULA4_U02,N,N,N,3022.8206,3022.8206,2809.8711,3022.8206,3022.8206,
8/16/2024 5:35:00 AM,11PULA4_U03,N,N,N,2940.7730,2940.7730,3122.3531,2940.7730,2940.7730,
8/16/2024 5:35:00 AM,11SME_T1L1,N,N,N,2940.7730,2940.7730,3723.1002,2940.7730,2940.7730,
8/16/2024 5:35:00 AM,11SMH_T1L1,N,N,N,2940.7730,2940.7730,3723.1002,2940.7730,2940.7730,
8/16/2024 5:35:00 AM,11STEAG_U01,N,N,N,2940.1849,2940.1849,2924.4117,2940.1849,2940.1849,
8/16/2024 5:35:00 AM,11STEAG_U02,N,N,N,2940.1849,2940.1849,2928.8063,2940.1849,2940.1849,
8/16/2024 5:35:00 AM,11TAGOL_SS,N,N,N,2940.7730,2940.7730,3723.1002,2940.7730,2940.7730,
8/16/2024 5:35:00 AM,11VILLA_BAT,N,N,N,2940.7730,2940.7730,2978.1339,2940.7730,2940.7730,
8/16/2024 5:35:00 AM,11VILLA_L01,N,N,N,2940.7730,2940.7730,3723.1002,2940.7730,2940.7730,
8/16/2024 5:35:00 AM,11VILLA_SS,N,N,N,2951.0657,2951.0657,3723.1002,2951.0657,2951.0657,
8/16/2024 5:35:00 AM,12ALE_T1L1,N,N,N,3274.2567,3274.2567,3723.1002,3274.2567,3274.2567,
8/16/2024 5:35:00 AM,12ASIGA_G01,N,N,N,3175.4467,3175.4467,3211.7107,3175.4467,3175.4467,
8/16/2024 5:35:00 AM,12BAG_T1L1,N,N,N,3266.9047,3266.9047,3723.1002,3266.9047,3266.9047,
8/16/2024 5:35:00 AM,12BISLIG_SS,N,N,N,3267.1988,3267.1988,3723.1002,3267.1988,3267.1988,
8/16/2024 5:35:00 AM,12BUTUAN_SS,N,N,N,3175.4467,3175.4467,3723.1002,3175.4467,3175.4467,
8/16/2024 5:35:00 AM,12BUT_T2L1,N,N,N,3141.6278,3141.6278,3723.1002,3141.6278,3141.6278,
8/16/2024 5:35:00 AM,12BYG_T1L1,N,N,N,3175.4467,3175.4467,3723.1002,3175.4467,3175.4467,
8/16/2024 5:35:00 AM,12KEGGIN_G01,N,N,N,3141.6278,3141.6278,3149.9985,3141.6278,3141.6278,
8/16/2024 5:35:00 AM,12KEGTAN_G01,N,N,N,3274.2567,3274.2567,3269.9886,3274.2567,3274.2567,
8/16/2024 5:35:00 AM,12LKMAINIT_G01,N,N,N,3175.4467,3175.4467,3197.6796,3175.4467,3175.4467,
8/16/2024 5:35:00 AM,12LMO_T1L1,N,N,N,3175.4467,3175.4467,3723.1002,3175.4467,3175.4467,
8/16/2024 5:35:00 AM,12MAD_T1L1,N,N,N,3230.4392,3230.4392,3723.1002,3230.4392,3230.4392,
8/16/2024 5:35:00 AM,12NACSUR_G01,N,N,N,3230.4392,3230.4392,3228.0427,3230.4392,3230.4392,
8/16/2024 5:35:00 AM,12NASIP_SS,N,N,N,3141.3337,3141.3337,3723.1002,3141.3337,3141.3337,
8/16/2024 5:35:00 AM,12NAS_T1L1,N,N,N,3175.4467,3175.4467,3723.1002,3175.4467,3175.4467,
8/16/2024 5:35:00 AM,12PBA_T1L1,N,N,N,3266.9047,3266.9047,3723.1002,3266.9047,3266.9047,
8/16/2024 5:35:00 AM,12PKSFRA_U01,N,N,N,3274.2567,3274.2567,3269.9886,3274.2567,3274.2567,
8/16/2024 5:35:00 AM,12PKSFRA_U02,N,N,N,3274.2567,3274.2567,3269.9886,3274.2567,3274.2567,
8/16/2024 5:35:00 AM,12PLACER_SS,N,N,N,3230.7332,3230.7332,3723.1002,3230.7332,3230.7332,
8/16/2024 5:35:00 AM,12SFRAN_SS,N,N,N,3274.5508,3274.5508,3723.1002,3274.5508,3274.5508,
8/16/2024 5:35:00 AM,12SLU_T1L1,N,N,N,3141.6278,3141.6278,3723.1002,3141.6278,3141.6278,
8/16/2024 5:35:00 AM,12SNT_T1L1,N,N,N,3175.4467,3175.4467,3723.1002,3175.4467,3175.4467,
8/16/2024 5:35:00 AM,12STCRUZ_L01,N,N,N,3230.4392,3230.4392,3723.1002,3230.4392,3230.4392,
8/16/2024 5:35:00 AM,12SUR_T1L1,N,N,N,3230.4392,3230.4392,3723.1002,3230.4392,3230.4392,
8/16/2024 5:35:00 AM,12TBD_T1L1,N,N,N,2940.7730,2940.7730,3723.1002,2940.7730,2940.7730,
8/16/2024 5:35:00 AM,12TBO_T1L1,N,N,N,3266.9047,3266.9047,3723.1002,3266.9047,3266.9047,
8/16/2024 5:35:00 AM,12TDG_T1L1,N,N,N,3274.2567,3274.2567,3723.1002,3274.2567,3274.2567,
8/16/2024 5:35:00 AM,12THERMA2_SS,N,N,N,3141.3337,3141.3337,3723.1002,3141.3337,3141.3337,
8/16/2024 5:35:00 AM,12TM2_U01,N,N,N,3141.3337,3141.3337,3149.8468,3141.3337,3141.3337,
8/16/2024 5:35:00 AM,12TM2_U02,N,N,N,3141.3337,3141.3337,3149.8468,3141.3337,3141.3337,
8/16/2024 5:35:00 AM,12TRE_T1L1,N,N,N,3266.9047,3266.9047,3723.1002,3266.9047,3266.9047,
8/16/2024 5:35:00 AM,13ASU_T1L1,N,N,N,3191.9150,3191.9150,3723.1002,3191.9150,3191.9150,
8/16/2024 5:35:00 AM,13BAJ_T1L1,N,N,N,3079.8716,3079.8716,3723.1002,3079.8716,3079.8716,
8/16/2024 5:35:00 AM,13BNS_T1L1,N,N,N,3085.7531,3085.7531,3723.1002,3085.7531,3085.7531,
8/16/2024 5:35:00 AM,13BNY_T1L1,N,N,N,3172.2119,3172.2119,3723.1002,3172.2119,3172.2119,
8/16/2024 5:35:00 AM,13BUNAW_SS,N,N,N,3051.9342,3051.9342,3723.1002,3051.9342,3051.9342,
8/16/2024 5:35:00 AM,13CULAMAN_SS,N,N,N,2956.0650,2956.0650,3723.1002,2956.0650,2956.0650,
8/16/2024 5:35:00 AM,13DAVAO_SS,N,N,N,3079.8716,3079.8716,3723.1002,3079.8716,3079.8716,
8/16/2024 5:35:00 AM,13DAV_T1L1,N,N,N,3052.2283,3052.2283,3723.1002,3052.2283,3052.2283,
8/16/2024 5:35:00 AM,13DCPP_U01,N,N,N,3051.9342,3051.9342,3077.8754,3051.9342,3051.9342,
8/16/2024 5:35:00 AM,13DCPP_U02,N,N,N,3051.9342,3051.9342,3086.9932,3051.9342,3051.9342,
8/16/2024 5:35:00 AM,13DIGSOL_G01,N,N,N,3085.7531,3085.7531,3067.4159,3085.7531,3085.7531,
8/16/2024 5:35:00 AM,13DIG_T1L1,N,N,N,3079.8716,3079.8716,3723.1002,3079.8716,3079.8716,
8/16/2024 5:35:00 AM,13DIG_T2L1,N,N,N,3085.7531,3085.7531,3723.1002,3085.7531,3085.7531,
8/16/2024 5:35:00 AM,13DIG_T3L1,N,N,N,3052.2283,3052.2283,3723.1002,3052.2283,3052.2283,
8/16/2024 5:35:00 AM,13DLP_T1L1,N,N,N,3079.8716,3079.8716,3723.1002,3079.8716,3079.8716,
8/16/2024 5:35:00 AM,13DLP_T1L2,N,N,N,3079.8716,3079.8716,3723.1002,3079.8716,3079.8716,
8/16/2024 5:35:00 AM,13DLP_T1L3,N,N,N,3079.8716,3079.8716,3723.1002,3079.8716,3079.8716,
8/16/2024 5:35:00 AM,13DLP_T2L1,N,N,N,3065.4618,3065.4618,3723.1002,3065.4618,3065.4618,
8/16/2024 5:35:00 AM,13DRA_T1L1,N,N,N,3065.1677,3065.1677,3723.1002,3065.1677,3065.1677,
8/16/2024 5:35:00 AM,13DRA_T1L2,N,N,N,3065.1677,3065.1677,3723.1002,3065.1677,3065.1677,
8/16/2024 5:35:00 AM,13DSP_T1L1,N,N,N,3085.7531,3085.7531,3723.1002,3085.7531,3085.7531,
8/16/2024 5:35:00 AM,13DSR_T1L1,N,N,N,2956.3591,2956.3591,3723.1002,2956.3591,2956.3591,
8/16/2024 5:35:00 AM,13EUROH_G01,N,N,N,3191.9150,3191.9150,3192.9126,3191.9150,3191.9150,
8/16/2024 5:35:00 AM,13MACO_BAT,N,N,N,3172.2119,3172.2119,3033.3969,3172.2119,3172.2119,
8/16/2024 5:35:00 AM,13MACO_SS,N,N,N,3172.2119,3172.2119,3723.1002,3172.2119,3172.2119,
8/16/2024 5:35:00 AM,13MAGDBNK_G01,N,N,N,3172.2119,3172.2119,3167.3215,3172.2119,3172.2119,
8/16/2024 5:35:00 AM,13MAGDBNK_U01,N,N,N,3172.2119,3172.2119,3167.3215,3172.2119,3172.2119,
8/16/2024 5:35:00 AM,13MAGDBNK_U02,N,N,N,3172.2119,3172.2119,3167.3215,3172.2119,3172.2119,
8/16/2024 5:35:00 AM,13MAGDBNK_U03,N,N,N,3172.2119,3172.2119,3167.3215,3172.2119,3172.2119,
8/16/2024 5:35:00 AM,13MALITA_BAT,N,N,N,2956.3591,2956.3591,2823.6309,2956.3591,2956.3591,
8/16/2024 5:35:00 AM,13MATAN_SS,N,N,N,2976.3564,2976.3564,3723.1002,2976.3564,2976.3564,
8/16/2024 5:35:00 AM,13MATIBNK_G01,N,N,N,2940.7730,2940.7730,2978.8491,2940.7730,2940.7730,
8/16/2024 5:35:00 AM,13MON_T1L1,N,N,N,3191.9150,3191.9150,3723.1002,3191.9150,3191.9150,
8/16/2024 5:35:00 AM,13MPCDIG_G01,N,N,N,3085.7531,3085.7531,3067.4159,3085.7531,3085.7531,
8/16/2024 5:35:00 AM,13MSR_T1L1,N,N,N,3191.9150,3191.9150,3723.1002,3191.9150,3191.9150,
8/16/2024 5:35:00 AM,13NABUN_SS,N,N,N,3191.9150,3191.9150,3723.1002,3191.9150,3191.9150,
8/16/2024 5:35:00 AM,13PMA_T1L1,N,N,N,3085.7531,3085.7531,3723.1002,3085.7531,3085.7531,
8/16/2024 5:35:00 AM,13SIBULAN_G01,N,N,N,3079.8716,3079.8716,3080.7298,3079.8716,3079.8716,
8/16/2024 5:35:00 AM,13SMC_U01,N,N,N,2954.8887,2954.8887,2967.4866,2954.8887,2954.8887,
8/16/2024 5:35:00 AM,13SMC_U02,N,N,N,2954.8887,2954.8887,2883.7068,2954.8887,2954.8887,
8/16/2024 5:35:00 AM,13TALOM1_G01,N,N,N,3079.8716,3079.8716,3106.8382,3079.8716,3079.8716,
8/16/2024 5:35:00 AM,13TALOM23_G01,N,N,N,3079.8716,3079.8716,3079.5507,3079.8716,3079.8716,
8/16/2024 5:35:00 AM,13TGM_T1L1,N,N,N,3172.2119,3172.2119,3723.1002,3172.2119,3172.2119,
8/16/2024 5:35:00 AM,13THERMA1_SS,N,N,N,3172.2119,3172.2119,3723.1002,3172.2119,3172.2119,
8/16/2024 5:35:00 AM,13TM1_U01,N,N,N,3172.2119,3172.2119,3037.2129,3172.2119,3172.2119,
8/16/2024 5:35:00 AM,13TM1_U02,N,N,N,3172.2119,3172.2119,3167.3215,3172.2119,3172.2119,
8/16/2024 5:35:00 AM,13TORIL_SS,N,N,N,3051.3461,3051.3461,3723.1002,3051.3461,3051.3461,
8/16/2024 5:35:00 AM,13TUDAY2_G01,N,N,N,3079.8716,3079.8716,3059.0097,3079.8716,3079.8716,
8/16/2024 5:35:00 AM,14ALMADA_G01,N,N,N,3208.0893,3208.0893,3181.7626,3208.0893,3208.0893,
8/16/2024 5:35:00 AM,14ASTROSOL_G01,N,N,N,3157.8021,3157.8021,3131.2958,3157.8021,3157.8021,
8/16/2024 5:35:00 AM,14BGN_T1L1,N,N,N,3049.5816,3049.5816,3723.1002,3049.5816,3049.5816,
8/16/2024 5:35:00 AM,14BGN_T2L1,N,N,N,3215.7353,3215.7353,3723.1002,3215.7353,3215.7353,
8/16/2024 5:35:00 AM,14BIOGS_G01,N,N,N,3215.7353,3215.7353,3109.9337,3215.7353,3215.7353,
8/16/2024 5:35:00 AM,14BIOMS_U01,N,N,N,3215.7353,3215.7353,3182.5822,3215.7353,3215.7353,
8/16/2024 5:35:00 AM,14COTSUGR_G01,N,N,N,3049.5816,3049.5816,3029.2376,3049.5816,3049.5816,
8/16/2024 5:35:00 AM,14DSA_T1L1,N,N,N,3208.0893,3208.0893,3723.1002,3208.0893,3208.0893,
8/16/2024 5:35:00 AM,14DSA_T2L1,N,N,N,3215.7353,3215.7353,3723.1002,3215.7353,3215.7353,
8/16/2024 5:35:00 AM,14GENSAN_SS,N,N,N,3158.0961,3158.0961,3723.1002,3158.0961,3158.0961,
8/16/2024 5:35:00 AM,14GERBIO_G01,N,N,N,3215.7353,3215.7353,3182.5822,3215.7353,3215.7353,
8/16/2024 5:35:00 AM,14GLA_T1L1,N,N,N,3157.8021,3157.8021,3723.1002,3157.8021,3157.8021,
8/16/2024 5:35:00 AM,14KAMANGA_SS,N,N,N,3104.5741,3104.5741,3723.1002,3104.5741,3104.5741,
8/16/2024 5:35:00 AM,14KAM_L03,N,N,N,3157.8021,3157.8021,3723.1002,3157.8021,3157.8021,
8/16/2024 5:35:00 AM,14KIDAP_SS,N,N,N,3048.1112,3048.1112,3723.1002,3048.1112,3048.1112,
8/16/2024 5:35:00 AM,14KLN_T1L1,N,N,N,3215.7353,3215.7353,3723.1002,3215.7353,3215.7353,
8/16/2024 5:35:00 AM,14LAMSAN_G01,N,N,N,3208.0893,3208.0893,3161.1689,3208.0893,3208.0893,
8/16/2024 5:35:00 AM,14LLE_T1L1,N,N,N,3157.8021,3157.8021,3723.1002,3157.8021,3157.8021,
8/16/2024 5:35:00 AM,14MARBEL_U01,N,N,N,3215.7353,3215.7353,3127.7685,3215.7353,3215.7353,
8/16/2024 5:35:00 AM,14MID_T1L1,N,N,N,3208.0893,3208.0893,3723.1002,3208.0893,3208.0893,
8/16/2024 5:35:00 AM,14MTAPO_U01,N,N,N,3047.2290,3047.2290,3023.3447,3047.2290,3047.2290,
8/16/2024 5:35:00 AM,14MTAPO_U02,N,N,N,3047.5231,3047.5231,3025.7981,3047.5231,3047.5231,
8/16/2024 5:35:00 AM,14MTAPO_U03,N,N,N,3049.5816,3049.5816,3111.1089,3049.5816,3049.5816,
8/16/2024 5:35:00 AM,14NVSOL_G01,N,N,N,3215.7353,3215.7353,3184.7888,3215.7353,3215.7353,
8/16/2024 5:35:00 AM,14PKPSOC_G01,N,N,N,3157.8021,3157.8021,3131.2958,3157.8021,3157.8021,
8/16/2024 5:35:00 AM,14PTU_T1L1,N,N,N,3157.8021,3157.8021,3723.1002,3157.8021,3157.8021,
8/16/2024 5:35:00 AM,14SARANG_U01,N,N,N,3157.8021,3157.8021,3130.9024,3157.8021,3157.8021,
8/16/2024 5:35:00 AM,14SARANG_U02,N,N,N,3104.28,3104.28,3086.4919,3104.28,3104.28,
8/16/2024 5:35:00 AM,14SIGHYDRO_G01,N,N,N,3157.8021,3157.8021,3136.2628,3157.8021,3157.8021,
8/16/2024 5:35:00 AM,14SKU_T1L1,N,N,N,3208.0893,3208.0893,3723.1002,3208.0893,3208.0893,
8/16/2024 5:35:00 AM,14SMY_T1L1,N,N,N,3208.0893,3208.0893,3723.1002,3208.0893,3208.0893,
8/16/2024 5:35:00 AM,14SPGI_U01,N,N,N,3215.7353,3215.7353,3103.4198,3215.7353,3215.7353,
8/16/2024 5:35:00 AM,14SRL_T1L1,N,N,N,3215.7353,3215.7353,3723.1002,3215.7353,3215.7353,
8/16/2024 5:35:00 AM,14SULTAN_SS,N,N,N,3208.0893,3208.0893,3723.1002,3208.0893,3208.0893,
8/16/2024 5:35:00 AM,14SUPKOR_G01,N,N,N,3215.7353,3215.7353,3182.5822,3215.7353,3215.7353,
8/16/2024 5:35:00 AM,14TACSUR_L02,N,N,N,3215.7353,3215.7353,3723.1002,3215.7353,3215.7353,
8/16/2024 5:35:00 AM,14TACUR_SS,N,N,N,3215.7353,3215.7353,3723.1002,3215.7353,3215.7353,
8/16/2024 5:35:00 AM,14TIN_T1L1,N,N,N,3157.8021,3157.8021,3723.1002,3157.8021,3157.8021,
8/16/2024 5:35:00 AM,14TIN_T1L2,N,N,N,3157.8021,3157.8021,3723.1002,3157.8021,3157.8021,
EOF
